action step time popS popI popR
- 0 0.0 170 5 0
SIR 1 0.24416400536393365 170 4 1
SIR 2 0.2671443974939926 170 3 2
SIR 3 2.8623368161091176 169 4 2
SIR 4 2.9706886113364823 168 5 2
SIR 5 4.07226169697623 167 6 2
SIR 6 4.1642704933727845 166 7 2
SIR 7 4.281759426430794 165 8 2
SIR 8 4.667757406691373 165 7 3
SIR 9 5.9802920733680285 164 8 3
SIR 10 6.667532853852708 163 9 3
SIR 11 7.092229443664499 163 8 4
SIR 12 7.316735606567894 162 9 4
SIR 13 7.475522576760126 161 10 4
SIR 14 7.560900285823424 161 9 5
SIR 15 8.548571419782355 160 10 5
SIR 16 8.801802651537997 159 11 5
SIR 17 8.880458455094324 158 12 5
SIR 18 9.284874393370954 157 13 5
SIR 19 9.690746075358833 157 12 6
SIR 20 10.001098292916526 157 11 7
SIR 21 10.169642305206231 156 12 7
SIR 22 10.284231968669094 155 13 7
SIR 23 10.850116046980611 154 14 7
SIR 24 11.039071340970823 153 15 7
SIR 25 11.0824521999508 153 14 8
SIR 26 11.9212174915804 153 13 9
SIR 27 12.211447232936179 152 14 9
SIR 28 12.433073700767135 151 15 9
SIR 29 12.801548761364254 150 16 9
SIR 30 12.821956211051377 149 17 9
SIR 31 13.559017170714565 149 16 10
SIR 32 13.701756214758834 148 17 10
SIR 33 14.246297393219844 148 16 11
SIR 34 14.578255911966801 147 17 11
SIR 35 14.799723014534289 146 18 11
SIR 36 14.974199915980778 145 19 11
SIR 37 15.01999756116061 144 20 11
SIR 38 15.345880817235255 143 21 11
SIR 39 15.895476221688794 143 20 12
SIR 40 15.988277056387476 142 21 12
SIR 41 15.989764180756307 141 22 12
SIR 42 16.39057773874779 140 23 12
SIR 43 16.49894397850856 140 22 13
SIR 44 16.797669955735607 139 23 13
SIR 45 17.05391449670579 139 22 14
SIR 46 17.519418808193265 138 23 14
SIR 47 17.618671674783144 138 22 15
SIR 48 17.736510591220245 137 23 15
SIR 49 17.872035285516468 137 22 16
SIR 50 17.900844640478198 137 21 17
SIR 51 18.04112125617106 136 22 17
SIR 52 18.162825727283426 136 21 18
SIR 53 18.603398641595593 136 20 19
SIR 54 18.738244202775963 135 21 19
SIR 55 18.897751593060114 134 22 19
SIR 56 19.735268841927876 133 23 19
SIR 57 19.836124423856713 132 24 19
SIR 58 19.842056281295985 132 23 20
SIR 59 19.89872532637245 132 22 21
SIR 60 20.017602396646133 131 23 21
SIR 61 20.0564238329756 131 22 22
SIR 62 20.08811284991316 131 21 23
SIR 63 20.626007896090726 131 20 24
SIR 64 20.66247637442886 131 19 25
SIR 65 20.776877513715817 130 20 25
SIR 66 20.891354336763364 130 19 26
SIR 67 21.19814320390025 130 18 27
SIR 68 21.512140435672922 129 19 27
SIR 69 21.610305339684 128 20 27
SIR 70 21.628419491986197 127 21 27
SIR 71 21.67822250202242 127 20 28
SIR 72 21.78806156751041 126 21 28
SIR 73 22.036737457933743 125 22 28
SIR 74 22.228101771872943 125 21 29
SIR 75 23.170966475013547 124 22 29
SIR 76 23.292914530890812 123 23 29
SIR 77 23.35162505038666 122 24 29
SIR 78 23.527691295213252 122 23 30
SIR 79 23.699381240002882 122 22 31
SIR 80 23.766450813848824 122 21 32
SIR 81 24.510558119619436 121 22 32
SIR 82 24.83893564698195 120 23 32
SIR 83 25.010825449558943 120 22 33
SIR 84 25.89911957992824 120 21 34
SIR 85 26.06659267843911 120 20 35
SIR 86 26.21226580755176 120 19 36
SIR 87 27.15216024292984 120 18 37
SIR 88 27.190477336105253 119 19 37
SIR 89 27.223587891611103 119 18 38
SIR 90 27.460469331010167 119 17 39
SIR 91 27.535357885879044 118 18 39
SIR 92 27.88531420246808 117 19 39
SIR 93 28.057430453090163 117 18 40
SIR 94 28.106220670591497 116 19 40
SIR 95 28.25058958184884 116 18 41
SIR 96 29.021052493859983 115 19 41
SIR 97 29.088131964913575 115 18 42
SIR 98 29.147397354554546 114 19 42
SIR 99 29.173396135657185 113 20 42
SIR 100 29.885627075004596 113 19 43
SIR 101 29.937110308220113 112 20 43
SIR 102 30.208492010044754 111 21 43
SIR 103 30.77192218927572 110 22 43
SIR 104 30.85959831956549 109 23 43
SIR 105 30.860611358885958 108 24 43
SIR 106 30.97450565701121 107 25 43
SIR 107 31.045766253005187 106 26 43
SIR 108 31.048577770362517 105 27 43
SIR 109 31.338287161550053 104 28 43
SIR 110 31.35908614513841 104 27 44
SIR 111 31.47004268883783 104 26 45
SIR 112 31.595114813447644 103 27 45
SIR 113 31.62249263582636 103 26 46
SIR 114 32.33165017821794 103 25 47
SIR 115 32.77613068350576 103 24 48
SIR 116 32.79463859329174 103 23 49
SIR 117 32.96574928419153 102 24 49
SIR 118 33.2460030442686 102 23 50
SIR 119 33.41903940413519 102 22 51
SIR 120 33.529451288184454 102 21 52
SIR 121 33.75293056527987 102 20 53
SIR 122 34.48095126502089 101 21 53
SIR 123 34.76793369995569 100 22 53
SIR 124 34.9110335591061 99 23 53
SIR 125 35.00269478010037 98 24 53
SIR 126 35.76632220074559 97 25 53
SIR 127 35.82605692616483 96 26 53
SIR 128 36.07742404181322 95 27 53
SIR 129 36.47242626642807 95 26 54
SIR 130 36.7299741959166 95 25 55
SIR 131 36.76131249898232 95 24 56
SIR 132 36.886755358553295 95 23 57
SIR 133 36.964710198427554 95 22 58
SIR 134 36.9768078045458 94 23 58
SIR 135 37.32409331027492 94 22 59
SIR 136 37.46292330666048 94 21 60
SIR 137 37.511101334017035 93 22 60
SIR 138 37.56187700662408 93 21 61
SIR 139 37.58158913408273 92 22 61
SIR 140 38.1212440671915 92 21 62
SIR 141 38.859527381619664 91 22 62
SIR 142 39.0680310743688 90 23 62
SIR 143 39.361749869718594 90 22 63
SIR 144 39.78783621161754 89 23 63
SIR 145 40.40538205439112 89 22 64
SIR 146 40.973692105138845 88 23 64
SIR 147 41.04069778481113 87 24 64
SIR 148 41.355358904359356 87 23 65
SIR 149 41.73156710989731 87 22 66
SIR 150 41.835271582782276 86 23 66
SIR 151 42.19688627268666 85 24 66
SIR 152 42.38823438508782 85 23 67
SIR 153 42.52860107013238 85 22 68
SIR 154 42.774270836033345 85 21 69
SIR 155 42.94370549466287 84 22 69
SIR 156 43.12644839363952 83 23 69
SIR 157 43.34461124857037 82 24 69
SIR 158 43.394415483255514 82 23 70
SIR 159 43.438722855797636 82 22 71
SIR 160 43.64409397343109 82 21 72
SIR 161 43.66663972403865 82 20 73
SIR 162 43.69932361672401 82 19 74
SIR 163 43.71371344816625 82 18 75
SIR 164 43.79215807031933 82 17 76
SIR 165 44.244767360459065 82 16 77
SIR 166 44.60738114516941 81 17 77
SIR 167 44.70518956419486 81 16 78
SIR 168 45.516412737948706 80 17 78
SIR 169 45.5194895058887 79 18 78
SIR 170 45.77443210925865 78 19 78
SIR 171 46.24878546924291 78 18 79
SIR 172 46.3063492802413 77 19 79
SIR 173 46.492777459977354 77 18 80
SIR 174 46.83560582495974 76 19 80
SIR 175 47.115417079382276 76 18 81
SIR 176 47.3028767409163 76 17 82
SIR 177 47.520675724802906 75 18 82
SIR 178 47.90372500061915 74 19 82
SIR 179 47.91204164121813 73 20 82
SIR 180 47.97201938624086 72 21 82
SIR 181 48.119905982226236 71 22 82
SIR 182 48.185095357112154 71 21 83
SIR 183 48.29537801458136 71 20 84
SIR 184 48.33800119994641 70 21 84
SIR 185 48.50381704272251 70 20 85
SIR 186 48.57440021125448 69 21 85
SIR 187 48.65013750672995 69 20 86
SIR 188 48.83991602991721 69 19 87
SIR 189 49.00900117015185 68 20 87
SIR 190 49.02408115096676 68 19 88
SIR 191 49.13795193023362 68 18 89
SIR 192 49.28687244084323 67 19 89
SIR 193 50.99542532530879 67 18 90
SIR 194 51.18507539203933 67 17 91
SIR 195 51.81335764527949 66 18 91
SIR 196 52.06919141166541 66 17 92
SIR 197 53.39483659004467 65 18 92
SIR 198 53.49518762750753 64 19 92
SIR 199 53.656372450020584 63 20 92
SIR 200 53.682521006399135 63 19 93
SIR 201 54.08778912270663 62 20 93
SIR 202 54.32498301332734 62 19 94
SIR 203 54.335616429126446 61 20 94
SIR 204 54.446734907622954 60 21 94
SIR 205 55.048765239980256 60 20 95
SIR 206 55.444163115864505 59 21 95
SIR 207 55.55041011166235 58 22 95
SIR 208 55.81769562623554 58 21 96
SIR 209 56.054156993564 58 20 97
SIR 210 56.14967094160264 58 19 98
SIR 211 56.20606909542801 58 18 99
SIR 212 56.44546781419668 57 19 99
SIR 213 56.53216855230973 56 20 99
SIR 214 56.788865367501 56 19 100
SIR 215 57.12371414200282 56 18 101
SIR 216 57.1748778170782 56 17 102
SIR 217 58.09800785211621 56 16 103
SIR 218 58.201549226439035 56 15 104
SIR 219 58.75922495108007 56 14 105
SIR 220 59.055077372413365 56 13 106
SIR 221 59.11925688436509 56 12 107
SIR 222 59.72067887118279 56 11 108
SIR 223 59.73035693139286 56 10 109
SIR 224 60.31599173675642 56 9 110
SIR 225 60.53669042258804 56 8 111
SIR 226 61.19005432782838 55 9 111
SIR 227 61.381494834637664 55 8 112
SIR 228 61.56491467206039 55 7 113
SIR 229 62.02097914984984 54 8 113
SIR 230 62.19861548268481 53 9 113
SIR 231 62.75786575001233 52 10 113
SIR 232 62.988932130955355 52 9 114
SIR 233 63.002439630592384 51 10 114
SIR 234 63.652933761690406 51 9 115
SIR 235 64.05038915026319 50 10 115
SIR 236 64.45759718646046 50 9 116
SIR 237 64.92409356199659 49 10 116
SIR 238 65.57892407973007 48 11 116
SIR 239 66.17655357672805 48 10 117
SIR 240 66.23400295401285 48 9 118
SIR 241 67.0721697034181 47 10 118
SIR 242 67.07660392884321 47 9 119
SIR 243 67.65030716562651 46 10 119
SIR 244 68.22273370815343 46 9 120
SIR 245 68.37011716298629 46 8 121
SIR 246 68.85174936129611 46 7 122
SIR 247 69.01482117639601 46 6 123
SIR 248 69.36703865241256 46 5 124
SIR 249 71.03329781792381 45 6 124
SIR 250 74.25086647444645 45 5 125
SIR 251 74.89660580278826 44 6 125
SIR 252 75.15148093049132 44 5 126
SIR 253 76.439497002756 44 4 127
SIR 254 76.70004387827402 44 3 128
SIR 255 77.26948631215132 44 2 129
SIR 256 82.71130683061062 44 1 130
SIR 257 84.05055549153343 44 0 131
