action step time popS popI popR
- 0 0.0 195 5 0
SIR 1 0.28959712249506336 194 6 0
SIR 2 0.48423015154136767 193 7 0
SIR 3 0.6698205617388955 192 8 0
SIR 4 0.8435389071867965 191 9 0
SIR 5 1.2293428730376135 190 10 0
SIR 6 1.3632594482685507 189 11 0
SIR 7 1.4420340627892816 188 12 0
SIR 8 1.773275116386076 187 13 0
SIR 9 2.565502904536096 187 12 1
SIR 10 2.9955407353174595 186 13 1
SIR 11 3.0049635708927482 185 14 1
SIR 12 3.7447378780218186 185 13 2
SIR 13 3.9178481601320185 184 14 2
SIR 14 4.040095596728639 184 13 3
SIR 15 4.1242328724327955 183 14 3
SIR 16 4.250159981298985 183 13 4
SIR 17 4.5623714404949 182 14 4
SIR 18 5.048745985751348 181 15 4
SIR 19 5.065307993524752 180 16 4
SIR 20 5.439830876540122 179 17 4
SIR 21 5.545210152358169 178 18 4
SIR 22 5.643550748247461 178 17 5
SIR 23 5.7112985199915824 177 18 5
SIR 24 5.805290774884265 177 17 6
SIR 25 5.9904710326684265 176 18 6
SIR 26 6.018088173279232 175 19 6
SIR 27 6.2320685915770335 174 20 6
SIR 28 6.252616583038051 173 21 6
SIR 29 6.469143058140008 172 22 6
SIR 30 6.660322001805488 171 23 6
SIR 31 6.676180382381474 171 22 7
SIR 32 6.946949308203333 171 21 8
SIR 33 7.191908664929886 170 22 8
SIR 34 7.250313978615544 169 23 8
SIR 35 7.312723695765491 169 22 9
SIR 36 7.587350792895543 169 21 10
SIR 37 7.700963174517241 168 22 10
SIR 38 8.232852502574618 167 23 10
SIR 39 8.342868843763178 166 24 10
SIR 40 8.541499250066348 165 25 10
SIR 41 8.706036518146249 164 26 10
SIR 42 8.733087746495675 164 25 11
SIR 43 8.737188623039675 164 24 12
SIR 44 8.816643229286678 163 25 12
SIR 45 9.005137759422555 162 26 12
SIR 46 9.115071618309557 161 27 12
SIR 47 9.220057743020012 160 28 12
SIR 48 9.411765395532255 159 29 12
SIR 49 9.58393463155224 158 30 12
SIR 50 9.741153567105451 157 31 12
SIR 51 10.19163051087998 157 30 13
SIR 52 10.235290038321795 157 29 14
SIR 53 10.308418454181597 157 28 15
SIR 54 10.424243520044303 157 27 16
SIR 55 10.632564648042052 157 26 17
SIR 56 10.697690605798329 156 27 17
SIR 57 10.839937278448705 156 26 18
SIR 58 10.8529512489252 156 25 19
SIR 59 11.182206040467692 155 26 19
SIR 60 11.299677374408946 154 27 19
SIR 61 11.389381141906364 154 26 20
SIR 62 11.443730987069399 153 27 20
SIR 63 11.474100829694523 152 28 20
SIR 64 11.570967284060416 151 29 20
SIR 65 11.662676330451287 150 30 20
SIR 66 11.697246638236054 149 31 20
SIR 67 11.904451444119609 149 30 21
SIR 68 11.940742575506366 148 31 21
SIR 69 11.954006780241821 148 30 22
SIR 70 12.05528438306922 147 31 22
SIR 71 12.094944331527374 147 30 23
SIR 72 12.11749707806755 146 31 23
SIR 73 12.320451649568506 145 32 23
SIR 74 12.328564527683675 145 31 24
SIR 75 12.49622325499777 145 30 25
SIR 76 12.558443684722091 145 29 26
SIR 77 12.57380354056789 144 30 26
SIR 78 12.895484164946478 143 31 26
SIR 79 13.042049079162588 142 32 26
SIR 80 13.290058728508722 141 33 26
SIR 81 13.354300654009569 140 34 26
SIR 82 13.45536009243044 140 33 27
SIR 83 13.525731973166865 139 34 27
SIR 84 13.80312806077217 139 33 28
SIR 85 13.916919805571068 139 32 29
SIR 86 13.952294966602897 139 31 30
SIR 87 14.024069097025443 138 32 30
SIR 88 14.196713278728351 137 33 30
SIR 89 14.259945614483597 136 34 30
SIR 90 14.865893515396618 135 35 30
SIR 91 14.948609925109231 134 36 30
SIR 92 14.968981122050556 133 37 30
SIR 93 14.97314902768245 133 36 31
SIR 94 15.07625719060809 133 35 32
SIR 95 15.102069835852458 132 36 32
SIR 96 15.106083999356839 131 37 32
SIR 97 15.161298423095525 131 36 33
SIR 98 15.165893657718419 130 37 33
SIR 99 15.36564301017596 129 38 33
SIR 100 15.394869337309867 129 37 34
SIR 101 15.431771604604108 128 38 34
SIR 102 15.517565589657037 128 37 35
SIR 103 15.897645042462372 128 36 36
SIR 104 16.10627383385077 127 37 36
SIR 105 16.2842227474973 126 38 36
SIR 106 16.329769888231276 125 39 36
SIR 107 16.4850405684836 124 40 36
SIR 108 16.511628841317442 124 39 37
SIR 109 16.664324376290644 123 40 37
SIR 110 16.70768691295547 123 39 38
SIR 111 16.715636732921805 123 38 39
SIR 112 16.965463689900705 123 37 40
SIR 113 16.968516754075406 123 36 41
SIR 114 17.193690593139035 123 35 42
SIR 115 17.195105150733674 122 36 42
SIR 116 17.306218916400283 122 35 43
SIR 117 17.394333011506323 121 36 43
SIR 118 17.492423426693584 120 37 43
SIR 119 17.702438502369947 119 38 43
SIR 120 17.71195855000781 118 39 43
SIR 121 17.725369376610217 117 40 43
SIR 122 17.758496271859993 116 41 43
SIR 123 17.781921891069747 116 40 44
SIR 124 17.903889456086972 115 41 44
SIR 125 17.99301966731702 115 40 45
SIR 126 18.14504409514703 114 41 45
SIR 127 18.17343330670239 114 40 46
SIR 128 18.25442263416853 113 41 46
SIR 129 18.385628495587426 113 40 47
SIR 130 18.61371263835218 112 41 47
SIR 131 18.69338669691366 112 40 48
SIR 132 18.77021219972503 111 41 48
SIR 133 18.7733234119616 111 40 49
SIR 134 18.964429375762727 111 39 50
SIR 135 19.348952909896614 110 40 50
SIR 136 19.631539276907116 110 39 51
SIR 137 19.957029586393137 109 40 51
SIR 138 20.046278613541446 109 39 52
SIR 139 20.39862924874842 108 40 52
SIR 140 20.75215951865425 108 39 53
SIR 141 20.857133129493345 108 38 54
SIR 142 20.96531886714874 107 39 54
SIR 143 21.03069572179002 106 40 54
SIR 144 21.09015719424575 106 39 55
SIR 145 21.37190603699873 106 38 56
SIR 146 21.50986408960879 106 37 57
SIR 147 21.57871719235278 105 38 57
SIR 148 21.608560954277955 105 37 58
SIR 149 21.65696772984206 105 36 59
SIR 150 21.8004821733769 104 37 59
SIR 151 21.854132886015396 104 36 60
SIR 152 21.943284536131753 104 35 61
SIR 153 22.199839595835638 103 36 61
SIR 154 22.248671058065828 102 37 61
SIR 155 22.278309232973733 101 38 61
SIR 156 22.30812395874433 101 37 62
SIR 157 22.523097780648026 101 36 63
SIR 158 22.540735964829498 100 37 63
SIR 159 22.609325025740645 99 38 63
SIR 160 22.852105294685433 98 39 63
SIR 161 22.88593694980404 98 38 64
SIR 162 23.075026130129714 97 39 64
SIR 163 23.15599610171571 96 40 64
SIR 164 23.31755816249851 95 41 64
SIR 165 23.444568934892423 94 42 64
SIR 166 23.44898024305642 94 41 65
SIR 167 23.79735920751086 93 42 65
SIR 168 23.830060737198426 92 43 65
SIR 169 23.861189920678697 92 42 66
SIR 170 24.13542539382807 91 43 66
SIR 171 24.43137239006832 90 44 66
SIR 172 24.508143719378584 89 45 66
SIR 173 24.557557843732162 88 46 66
SIR 174 24.59104222733502 87 47 66
SIR 175 24.715261929700265 87 46 67
SIR 176 24.754305476276507 87 45 68
SIR 177 24.88642332647074 86 46 68
SIR 178 24.90676129919976 86 45 69
SIR 179 24.939094052649747 86 44 70
SIR 180 25.431215587970897 86 43 71
SIR 181 25.44409116917226 85 44 71
SIR 182 25.590202820645352 84 45 71
SIR 183 25.6281115298292 84 44 72
SIR 184 25.69338389751699 84 43 73
SIR 185 25.759166798094565 84 42 74
SIR 186 25.87789214009286 83 43 74
SIR 187 25.991151501836846 82 44 74
SIR 188 26.068562356799596 82 43 75
SIR 189 26.085764540304044 82 42 76
SIR 190 26.10105293464793 82 41 77
SIR 191 26.104191588782253 81 42 77
SIR 192 26.2101602245731 80 43 77
SIR 193 26.90756426402752 79 44 77
SIR 194 26.960072874056674 78 45 77
SIR 195 27.05041705547937 78 44 78
SIR 196 27.16833076102464 78 43 79
SIR 197 27.339035380549618 78 42 80
SIR 198 27.45559838562621 77 43 80
SIR 199 27.494233495208956 77 42 81
SIR 200 27.554129533052404 76 43 81
SIR 201 27.71787242527387 76 42 82
SIR 202 27.93221521677851 75 43 82
SIR 203 27.933486121555372 74 44 82
SIR 204 27.979068606208948 74 43 83
SIR 205 28.15903305416384 74 42 84
SIR 206 28.476259386857855 74 41 85
SIR 207 28.774083143595167 73 42 85
SIR 208 28.929595391580353 73 41 86
SIR 209 29.26507486087665 73 40 87
SIR 210 29.62368588758884 73 39 88
SIR 211 29.66282726654681 72 40 88
SIR 212 29.687918777481798 72 39 89
SIR 213 29.84532050834605 71 40 89
SIR 214 29.959501441239066 70 41 89
SIR 215 30.01653863021406 70 40 90
SIR 216 30.240901000905946 70 39 91
SIR 217 30.33030390241728 69 40 91
SIR 218 30.34323868835891 69 39 92
SIR 219 30.361598320233433 68 40 92
SIR 220 30.46250236621358 67 41 92
SIR 221 30.93371026883122 67 40 93
SIR 222 31.045350901305255 66 41 93
SIR 223 31.054337192629344 66 40 94
SIR 224 31.345178965465657 65 41 94
SIR 225 31.575931535880336 65 40 95
SIR 226 31.58730073519612 64 41 95
SIR 227 31.7369840073136 63 42 95
SIR 228 31.77896003970934 63 41 96
SIR 229 32.03202513432188 62 42 96
SIR 230 32.05781633138012 62 41 97
SIR 231 32.138750259275604 62 40 98
SIR 232 32.16665124175387 62 39 99
SIR 233 32.23939792587728 61 40 99
SIR 234 32.26482824534459 60 41 99
SIR 235 32.345125074813296 59 42 99
SIR 236 32.45600448180913 59 41 100
SIR 237 32.48472948998768 58 42 100
SIR 238 32.94300609712261 57 43 100
SIR 239 32.97283253968943 57 42 101
SIR 240 33.14513306084021 56 43 101
SIR 241 33.151413337918406 55 44 101
SIR 242 33.294846379458406 55 43 102
SIR 243 33.43175851410094 54 44 102
SIR 244 33.535216935540184 54 43 103
SIR 245 33.78157596415471 54 42 104
SIR 246 33.911209301766185 54 41 105
SIR 247 34.17371797677439 54 40 106
SIR 248 34.33196516192844 54 39 107
SIR 249 34.46859088951852 53 40 107
SIR 250 34.47127150940764 53 39 108
SIR 251 34.690083586736876 53 38 109
SIR 252 34.809767050265656 53 37 110
SIR 253 35.07829094792365 52 38 110
SIR 254 35.5395318474912 52 37 111
SIR 255 36.1567945946489 52 36 112
SIR 256 36.24528567194766 52 35 113
SIR 257 36.284634963214366 52 34 114
SIR 258 36.34893346930531 51 35 114
SIR 259 36.408234306184525 51 34 115
SIR 260 36.757843651154175 50 35 115
SIR 261 36.8653010923579 50 34 116
SIR 262 36.895101209210964 50 33 117
SIR 263 36.95370641330745 50 32 118
SIR 264 37.06324469091852 50 31 119
SIR 265 37.19199113627996 50 30 120
SIR 266 37.20090104536946 49 31 120
SIR 267 38.01438967377674 49 30 121
SIR 268 38.055255814919846 49 29 122
SIR 269 38.23880663534529 49 28 123
SIR 270 38.270875584365726 48 29 123
SIR 271 38.39109041781981 48 28 124
SIR 272 38.75405415766313 48 27 125
SIR 273 39.223603176805405 47 28 125
SIR 274 39.565287641640246 47 27 126
SIR 275 39.93198112038402 46 28 126
SIR 276 40.53230766786396 45 29 126
SIR 277 40.602564363742594 45 28 127
SIR 278 40.66710704044242 45 27 128
SIR 279 40.79068631924059 44 28 128
SIR 280 41.08011271734142 44 27 129
SIR 281 41.25935537680709 44 26 130
SIR 282 41.39766279347817 44 25 131
SIR 283 41.47132483217319 44 24 132
SIR 284 41.784229056594924 44 23 133
SIR 285 42.2285451797054 43 24 133
SIR 286 42.547354432278645 42 25 133
SIR 287 43.26646114251232 42 24 134
SIR 288 43.278619005464186 42 23 135
SIR 289 43.41690386824427 41 24 135
SIR 290 43.89473076338928 41 23 136
SIR 291 44.536222813604454 40 24 136
SIR 292 44.62623831268241 40 23 137
SIR 293 44.70196821621453 40 22 138
SIR 294 45.146582020202935 40 21 139
SIR 295 45.16334464159614 40 20 140
SIR 296 45.681934511459566 40 19 141
SIR 297 45.696989468113955 39 20 141
SIR 298 45.86364246886287 39 19 142
SIR 299 46.900739574887254 39 18 143
SIR 300 46.99780789723028 39 17 144
SIR 301 47.47910847998738 38 18 144
SIR 302 47.82684804302125 38 17 145
SIR 303 49.204043530220346 38 16 146
SIR 304 50.01895232156725 38 15 147
SIR 305 50.71857526710995 38 14 148
SIR 306 53.03249009336139 37 15 148
SIR 307 53.66268135384275 37 14 149
SIR 308 54.140026538104465 37 13 150
SIR 309 54.18319412855469 37 12 151
SIR 310 57.77245888684292 37 11 152
SIR 311 58.14865663148014 36 12 152
SIR 312 58.57626525638486 35 13 152
SIR 313 58.87108005180761 34 14 152
SIR 314 59.58364896336573 34 13 153
SIR 315 60.099730985873144 34 12 154
SIR 316 60.7407795986421 33 13 154
SIR 317 62.06383232413976 33 12 155
SIR 318 62.09850784774406 33 11 156
SIR 319 62.13869738191508 33 10 157
SIR 320 63.17747547051805 33 9 158
SIR 321 63.869932039972326 33 8 159
SIR 322 67.64632836657765 33 7 160
SIR 323 67.66976142695847 33 6 161
SIR 324 70.25766553028608 33 5 162
SIR 325 70.54984258484062 33 4 163
SIR 326 71.94052029739278 33 3 164
SIR 327 72.56248162110725 33 2 165
SIR 328 73.32057440879294 33 1 166
SIR 329 83.20040518532866 33 0 167
