action step time popS popI popR
- 0 0.0 120 5 0
SIR 1 0.3618851740403705 119 6 0
SIR 2 0.9627398969569132 119 5 1
SIR 3 1.3648428558496652 119 4 2
SIR 4 1.9177127234542932 118 5 2
SIR 5 2.811242242294174 118 4 3
SIR 6 3.1760446223251857 117 5 3
SIR 7 3.7209426020511063 116 6 3
SIR 8 3.874437513369153 115 7 3
SIR 9 4.456552344052038 115 6 4
SIR 10 4.800098259679818 115 5 5
SIR 11 4.821189822894874 115 4 6
SIR 12 6.426318034212526 114 5 6
SIR 13 7.528322181862274 113 6 6
SIR 14 8.07667933695814 112 7 6
SIR 15 8.709843505810444 111 8 6
SIR 16 8.875780740358309 110 9 6
SIR 17 9.253865643605508 110 8 7
SIR 18 10.165897560092045 109 9 7
SIR 19 10.177689322103186 108 10 7
SIR 20 11.263011658114955 107 11 7
SIR 21 11.59284324519324 106 12 7
SIR 22 11.679149644519441 106 11 8
SIR 23 12.209062993439158 106 10 9
SIR 24 12.271896675710751 105 11 9
SIR 25 12.300599007302605 105 10 10
SIR 26 12.894096236981488 105 9 11
SIR 27 14.560025246051028 105 8 12
SIR 28 16.037154339077887 105 7 13
SIR 29 16.045333071185087 104 8 13
SIR 30 18.557897146621514 103 9 13
SIR 31 19.316297324833382 103 8 14
SIR 32 20.043404117256785 103 7 15
SIR 33 20.081100828285265 103 6 16
SIR 34 21.01546858926799 102 7 16
SIR 35 22.678646421247908 102 6 17
SIR 36 23.432180152934638 102 5 18
SIR 37 23.653915988170873 101 6 18
SIR 38 23.886384544596243 101 5 19
SIR 39 24.184232633734286 100 6 19
SIR 40 25.20922386158742 99 7 19
SIR 41 26.94076868478864 99 6 20
SIR 42 27.32794313645633 98 7 20
SIR 43 28.01599981228113 97 8 20
SIR 44 29.232703067626584 96 9 20
SIR 45 29.422843932390727 95 10 20
SIR 46 29.425656356829265 94 11 20
SIR 47 30.116576021068134 93 12 20
SIR 48 30.20664712512868 93 11 21
SIR 49 30.613490425682386 92 12 21
SIR 50 30.691045931279078 91 13 21
SIR 51 31.301888728616618 90 14 21
SIR 52 31.33329377812022 90 13 22
SIR 53 31.619488007634477 89 14 22
SIR 54 31.718566616067193 88 15 22
SIR 55 32.32481918910994 88 14 23
SIR 56 33.51440655340013 87 15 23
SIR 57 34.06648136036225 86 16 23
SIR 58 34.073927668062325 86 15 24
SIR 59 34.37323831382786 86 14 25
SIR 60 34.386155523178765 86 13 26
SIR 61 34.7460751861985 86 12 27
SIR 62 35.43552427102087 86 11 28
SIR 63 35.96115540785012 85 12 28
SIR 64 36.253525104070896 85 11 29
SIR 65 36.43150851530385 84 12 29
SIR 66 38.25282882462236 84 11 30
SIR 67 38.292808532588424 83 12 30
SIR 68 38.93796194331522 82 13 30
SIR 69 39.06037150401562 81 14 30
SIR 70 39.50961370099466 80 15 30
SIR 71 40.07777312326784 79 16 30
SIR 72 40.33292928072107 79 15 31
SIR 73 40.60080111789949 79 14 32
SIR 74 40.701866388514894 78 15 32
SIR 75 40.894105247602404 77 16 32
SIR 76 41.62526853066395 76 17 32
SIR 77 41.815143314801624 76 16 33
SIR 78 41.84659251827005 76 15 34
SIR 79 42.042561793822934 75 16 34
SIR 80 42.69949764363537 74 17 34
SIR 81 43.062328514533604 73 18 34
SIR 82 43.27449910220685 72 19 34
SIR 83 43.28998997773313 71 20 34
SIR 84 43.39475730124385 71 19 35
SIR 85 43.86827138012487 71 18 36
SIR 86 44.10787670397683 71 17 37
SIR 87 44.82689294249499 71 16 38
SIR 88 45.05209268454767 71 15 39
SIR 89 45.43015495062738 71 14 40
SIR 90 45.43704593407617 70 15 40
SIR 91 45.62069612639951 69 16 40
SIR 92 45.95408656258568 69 15 41
SIR 93 46.51227713655464 68 16 41
SIR 94 47.49289736068167 68 15 42
SIR 95 47.924895913545726 67 16 42
SIR 96 48.01139087666144 67 15 43
SIR 97 48.22194869414849 67 14 44
SIR 98 48.845684919242686 67 13 45
SIR 99 49.21408264178507 67 12 46
SIR 100 49.75759771314163 66 13 46
SIR 101 50.05902274693022 65 14 46
SIR 102 50.331835046518265 65 13 47
SIR 103 50.373191826977155 65 12 48
SIR 104 50.87019705308265 64 13 48
SIR 105 50.90776083856264 63 14 48
SIR 106 50.93457706130437 63 13 49
SIR 107 50.96784471288087 63 12 50
SIR 108 51.04471483512614 62 13 50
SIR 109 51.230762970191044 61 14 50
SIR 110 51.59050941325638 61 13 51
SIR 111 51.8575417682604 61 12 52
SIR 112 52.766778227073814 61 11 53
SIR 113 52.979596533146946 60 12 53
SIR 114 53.72947729170903 59 13 53
SIR 115 54.37134966218374 58 14 53
SIR 116 54.72016598510941 58 13 54
SIR 117 56.04328783495305 57 14 54
SIR 118 56.10645718586772 56 15 54
SIR 119 56.359428499980545 55 16 54
SIR 120 56.44198722405714 55 15 55
SIR 121 56.719324335213585 55 14 56
SIR 122 56.81678853728605 55 13 57
SIR 123 57.18905863046065 55 12 58
SIR 124 57.33356610896504 55 11 59
SIR 125 57.86409371335826 54 12 59
SIR 126 59.879215735122784 53 13 59
SIR 127 60.750101828886365 53 12 60
SIR 128 61.28155024874737 53 11 61
SIR 129 62.07184331145373 52 12 61
SIR 130 62.27827139649762 52 11 62
SIR 131 62.62283303742416 51 12 62
SIR 132 63.05265896886152 50 13 62
SIR 133 63.79640281512149 50 12 63
SIR 134 63.81270730125958 49 13 63
SIR 135 63.899266052989745 48 14 63
SIR 136 64.70676226739442 48 13 64
SIR 137 64.80393223891129 47 14 64
SIR 138 64.91064926732791 46 15 64
SIR 139 65.07649653844607 46 14 65
SIR 140 65.23174892843592 45 15 65
SIR 141 65.41720153229045 45 14 66
SIR 142 65.72328595300674 44 15 66
SIR 143 65.78867882931262 44 14 67
SIR 144 65.91434292757643 43 15 67
SIR 145 65.92001735407763 42 16 67
SIR 146 66.3181476884734 42 15 68
SIR 147 66.6655400534387 42 14 69
SIR 148 66.6914924356554 41 15 69
SIR 149 67.07298700638937 41 14 70
SIR 150 67.21615466038016 40 15 70
SIR 151 68.14093741048423 39 16 70
SIR 152 69.04152964789262 39 15 71
SIR 153 69.69800886079709 39 14 72
SIR 154 72.67116855251103 38 15 72
SIR 155 72.83514768798365 38 14 73
SIR 156 73.84069400070103 37 15 73
SIR 157 74.99939128235862 37 14 74
SIR 158 75.86945714950848 37 13 75
SIR 159 75.88340367020938 37 12 76
SIR 160 76.60650072289017 37 11 77
SIR 161 76.93602894246705 37 10 78
SIR 162 77.34578490323979 37 9 79
SIR 163 78.59936559708264 37 8 80
SIR 164 79.91968552425155 37 7 81
SIR 165 81.53466963019908 36 8 81
SIR 166 81.57559502358936 36 7 82
SIR 167 82.72259416150636 36 6 83
SIR 168 83.06144798738376 35 7 83
SIR 169 84.48614534520941 34 8 83
SIR 170 86.60435398605601 34 7 84
SIR 171 90.93386185925448 34 6 85
SIR 172 93.02976677827796 34 5 86
SIR 173 94.00564637235361 34 4 87
SIR 174 95.33013196181199 34 3 88
SIR 175 95.74183071956554 33 4 88
SIR 176 96.9061966256825 32 5 88
SIR 177 97.59054078302061 32 4 89
SIR 178 98.47918567755342 32 3 90
SIR 179 98.50070712514999 31 4 90
SIR 180 98.68577383920862 30 5 90
SIR 181 98.70866344440337 29 6 90
SIR 182 101.16976850032941 29 5 91
SIR 183 102.208959692714 29 4 92
SIR 184 105.84827892091576 29 3 93
SIR 185 106.48488490910094 29 2 94
SIR 186 114.16719369156186 29 1 95
SIR 187 117.93676895429235 29 0 96
