action step time popS popI popR
- 0 0.0 145 5 0
SIR 1 0.75588953738368 145 4 1
SIR 2 4.605487386489765 145 3 2
SIR 3 4.745202125021627 144 4 2
SIR 4 4.889876719061509 143 5 2
SIR 5 5.177143496308051 142 6 2
SIR 6 6.565510563299352 141 7 2
SIR 7 6.854403681397931 140 8 2
SIR 8 7.087962865400428 140 7 3
SIR 9 7.91621825418196 139 8 3
SIR 10 8.384856190721782 139 7 4
SIR 11 8.915955388926294 138 8 4
SIR 12 9.461256174353782 137 9 4
SIR 13 10.457071589812854 137 8 5
SIR 14 10.701466389715018 137 7 6
SIR 15 11.163317502670468 137 6 7
SIR 16 11.310162371319523 137 5 8
SIR 17 12.128223240913053 136 6 8
SIR 18 12.804751581315024 135 7 8
SIR 19 12.949239693390032 134 8 8
SIR 20 13.146116121109344 134 7 9
SIR 21 13.810277462473909 133 8 9
SIR 22 13.907528415929836 132 9 9
SIR 23 13.995353203506696 131 10 9
SIR 24 14.311306654088977 131 9 10
SIR 25 14.487951522033073 130 10 10
SIR 26 14.572272076605335 129 11 10
SIR 27 15.655539453506753 128 12 10
SIR 28 15.667543457975405 128 11 11
SIR 29 17.610591186762736 127 12 11
SIR 30 17.618365158646764 127 11 12
SIR 31 17.640454860083768 127 10 13
SIR 32 19.740460978386853 127 9 14
SIR 33 19.79704223902016 126 10 14
SIR 34 20.57089701888232 126 9 15
SIR 35 22.147798668890136 125 10 15
SIR 36 22.374747481412694 124 11 15
SIR 37 22.971739545966855 124 10 16
SIR 38 23.124414907604503 124 9 17
SIR 39 24.25626164087693 124 8 18
SIR 40 24.76920105906118 124 7 19
SIR 41 25.30774906108969 124 6 20
SIR 42 25.31236837619095 123 7 20
SIR 43 25.482195934230838 122 8 20
SIR 44 26.418423115395523 121 9 20
SIR 45 26.513659686823217 121 8 21
SIR 46 26.669647617034705 121 7 22
SIR 47 26.80397332225366 120 8 22
SIR 48 27.52075786370372 120 7 23
SIR 49 28.436290514542375 119 8 23
SIR 50 29.20485702786714 119 7 24
SIR 51 31.304991677252062 119 6 25
SIR 52 32.22175302591679 119 5 26
SIR 53 33.39391842849722 118 6 26
SIR 54 35.255697556371615 118 5 27
SIR 55 35.6791855326448 117 6 27
SIR 56 38.19026664129497 117 5 28
SIR 57 38.45659947202506 116 6 28
SIR 58 41.53505682533119 115 7 28
SIR 59 41.6933053286275 114 8 28
SIR 60 41.7482062667343 113 9 28
SIR 61 41.842317788933435 112 10 28
SIR 62 41.98427517167336 112 9 29
SIR 63 42.1270184454928 111 10 29
SIR 64 42.204745236021 111 9 30
SIR 65 42.25607109356167 111 8 31
SIR 66 42.39856840032672 110 9 31
SIR 67 42.45928028086643 109 10 31
SIR 68 42.64273069370588 109 9 32
SIR 69 42.675109038311156 108 10 32
SIR 70 42.72202026901893 107 11 32
SIR 71 43.87022855351352 106 12 32
SIR 72 43.99225014961018 106 11 33
SIR 73 44.013427363129615 105 12 33
SIR 74 44.16250132613168 104 13 33
SIR 75 45.704078777564206 104 12 34
SIR 76 45.83543122483595 103 13 34
SIR 77 46.31673387652986 103 12 35
SIR 78 46.493089038546294 103 11 36
SIR 79 46.90277655177546 102 12 36
SIR 80 47.91864176985485 101 13 36
SIR 81 47.95514953867652 100 14 36
SIR 82 48.752209335577525 99 15 36
SIR 83 49.03744900677147 98 16 36
SIR 84 49.06895791467898 97 17 36
SIR 85 49.22862196161993 96 18 36
SIR 86 49.3071810871497 96 17 37
SIR 87 49.7289423685464 96 16 38
SIR 88 50.899597888126664 95 17 38
SIR 89 51.27162650317768 95 16 39
SIR 90 51.99661407109393 94 17 39
SIR 91 52.28209073721779 94 16 40
SIR 92 52.288398042046055 94 15 41
SIR 93 52.4467781772821 94 14 42
SIR 94 52.717390360124455 93 15 42
SIR 95 52.83398793337864 93 14 43
SIR 96 53.98857872209249 93 13 44
SIR 97 54.45753976738516 93 12 45
SIR 98 54.91855528771343 92 13 45
SIR 99 55.06901169959308 92 12 46
SIR 100 55.14819446274526 92 11 47
SIR 101 55.88115568365066 92 10 48
SIR 102 56.58121106190088 92 9 49
SIR 103 56.711856503691 92 8 50
SIR 104 56.808261481164095 91 9 50
SIR 105 57.24962745559734 91 8 51
SIR 106 57.56520770804615 91 7 52
SIR 107 58.4435562268829 90 8 52
SIR 108 58.634833578718705 89 9 52
SIR 109 58.73357748597111 89 8 53
SIR 110 59.24475829850473 88 9 53
SIR 111 59.65533173973726 88 8 54
SIR 112 61.13741339012778 88 7 55
SIR 113 62.17111122688289 87 8 55
SIR 114 62.63173277253518 87 7 56
SIR 115 62.87136567182809 86 8 56
SIR 116 63.470244997502476 86 7 57
SIR 117 63.91255000829241 85 8 57
SIR 118 64.07823333619925 85 7 58
SIR 119 64.72890011117705 85 6 59
SIR 120 65.17450500454737 84 7 59
SIR 121 65.81252645176994 83 8 59
SIR 122 66.93854127696699 82 9 59
SIR 123 67.54718634074041 81 10 59
SIR 124 67.58892733773186 80 11 59
SIR 125 68.93974596098836 80 10 60
SIR 126 69.43258748587789 79 11 60
SIR 127 69.50775740578834 78 12 60
SIR 128 69.694910538894 78 11 61
SIR 129 70.04658979885508 78 10 62
SIR 130 71.39082399201621 77 11 62
SIR 131 71.66049610930938 77 10 63
SIR 132 72.25273022075973 77 9 64
SIR 133 72.55735617998141 77 8 65
SIR 134 75.06750273283691 77 7 66
SIR 135 75.12683453340865 76 8 66
SIR 136 75.15215363772938 76 7 67
SIR 137 75.3375157211531 75 8 67
SIR 138 76.90865273141083 75 7 68
SIR 139 78.60443391036331 74 8 68
SIR 140 79.43198759687658 73 9 68
SIR 141 81.51516975237848 72 10 68
SIR 142 81.559845130572 72 9 69
SIR 143 81.8562574943108 72 8 70
SIR 144 85.06829771102207 71 9 70
SIR 145 85.81832723956019 70 10 70
SIR 146 85.8466958759103 70 9 71
SIR 147 87.31726148777472 70 8 72
SIR 148 87.45666416076604 70 7 73
SIR 149 88.2599384035717 69 8 73
SIR 150 90.60645224234662 68 9 73
SIR 151 91.51806806820275 68 8 74
SIR 152 91.79252909961987 68 7 75
SIR 153 91.89318167427645 67 8 75
SIR 154 96.33035042249614 67 7 76
SIR 155 96.34721226229311 66 8 76
SIR 156 96.36403352300982 66 7 77
SIR 157 96.73190080505147 66 6 78
SIR 158 97.30626047776607 65 7 78
SIR 159 98.56529091665284 65 6 79
SIR 160 101.36715569930517 65 5 80
SIR 161 101.39795942400247 65 4 81
SIR 162 107.06707195622849 65 3 82
SIR 163 110.13582297253079 64 4 82
SIR 164 113.70362319846951 64 3 83
SIR 165 118.27531089073446 64 2 84
SIR 166 121.8206309746536 64 1 85
