action step time popS popI popR
- 0 0.0 145 5 0
SIR 1 2.798904343826485 144 6 0
SIR 2 3.8013231646472625 143 7 0
SIR 3 4.00616984006883 142 8 0
SIR 4 4.5838117946802175 142 7 1
SIR 5 4.619204315586383 141 8 1
SIR 6 5.031441556538643 141 7 2
SIR 7 5.202774324595613 140 8 2
SIR 8 6.227598459562601 139 9 2
SIR 9 6.308807259644383 139 8 3
SIR 10 6.477229515614037 138 9 3
SIR 11 6.891820179309124 137 10 3
SIR 12 7.957664899484637 136 11 3
SIR 13 8.448511630773664 135 12 3
SIR 14 9.133924251202087 134 13 3
SIR 15 9.310364733809646 134 12 4
SIR 16 10.334250173661019 133 13 4
SIR 17 10.498387614104539 132 14 4
SIR 18 10.71816362286641 132 13 5
SIR 19 11.03375648888235 131 14 5
SIR 20 11.249910815342467 131 13 6
SIR 21 11.38771801005446 130 14 6
SIR 22 11.578466661143697 129 15 6
SIR 23 11.736847325862293 128 16 6
SIR 24 11.889455861773348 127 17 6
SIR 25 12.077268285267095 126 18 6
SIR 26 12.422869254458623 125 19 6
SIR 27 12.573155753495504 125 18 7
SIR 28 12.686078686225844 125 17 8
SIR 29 12.69988706095277 124 18 8
SIR 30 13.24288543890595 124 17 9
SIR 31 13.605822155070141 124 16 10
SIR 32 14.166454548770657 124 15 11
SIR 33 14.31866316716995 124 14 12
SIR 34 14.866067036006173 124 13 13
SIR 35 16.458758828217043 124 12 14
SIR 36 16.46273594418981 123 13 14
SIR 37 17.130093393745398 123 12 15
SIR 38 17.54306007651902 122 13 15
SIR 39 17.798120111392734 121 14 15
SIR 40 17.80868924853583 121 13 16
SIR 41 18.051362973653603 121 12 17
SIR 42 18.132730585147158 120 13 17
SIR 43 18.461487013932427 119 14 17
SIR 44 18.819241002110722 119 13 18
SIR 45 18.933050034194984 118 14 18
SIR 46 19.26643793130213 118 13 19
SIR 47 19.452256167741886 118 12 20
SIR 48 19.468999789282208 117 13 20
SIR 49 19.577357788471332 117 12 21
SIR 50 19.773085655262165 116 13 21
SIR 51 20.174288258254116 115 14 21
SIR 52 20.35509705630977 114 15 21
SIR 53 20.60297697681447 114 14 22
SIR 54 20.63237488667031 114 13 23
SIR 55 20.98852739683772 113 14 23
SIR 56 21.622395407685318 112 15 23
SIR 57 21.63099127435726 111 16 23
SIR 58 22.234918231029933 111 15 24
SIR 59 22.5322136104655 111 14 25
SIR 60 22.715443507188354 110 15 25
SIR 61 22.916771989107563 109 16 25
SIR 62 22.988401285248475 108 17 25
SIR 63 23.725939324764507 108 16 26
SIR 64 23.787291992175906 107 17 26
SIR 65 23.995925133833826 106 18 26
SIR 66 24.19476469205325 105 19 26
SIR 67 24.479151324059693 105 18 27
SIR 68 24.552810299839365 105 17 28
SIR 69 24.789550123484986 104 18 28
SIR 70 25.085750289879844 104 17 29
SIR 71 25.502269088701944 103 18 29
SIR 72 25.799688041708006 102 19 29
SIR 73 25.969380966455873 102 18 30
SIR 74 26.391658689009528 102 17 31
SIR 75 26.819366931126424 102 16 32
SIR 76 27.6420315825322 102 15 33
SIR 77 27.93914788039138 102 14 34
SIR 78 28.509119433923395 101 15 34
SIR 79 28.65673828013927 101 14 35
SIR 80 28.806969077481643 100 15 35
SIR 81 29.136749131539847 99 16 35
SIR 82 29.356625255725387 98 17 35
SIR 83 29.723349123670513 98 16 36
SIR 84 30.902291078255434 97 17 36
SIR 85 31.716088791909343 97 16 37
SIR 86 32.013150179424166 97 15 38
SIR 87 32.605718392328 96 16 38
SIR 88 32.657545533486235 96 15 39
SIR 89 33.00779336176072 96 14 40
SIR 90 33.195584001232376 95 15 40
SIR 91 33.80174989495487 95 14 41
SIR 92 33.99575589926474 94 15 41
SIR 93 34.25415144550435 93 16 41
SIR 94 34.49973757909287 93 15 42
SIR 95 35.084613055260064 92 16 42
SIR 96 35.159479716436294 92 15 43
SIR 97 35.17211331650599 92 14 44
SIR 98 36.400484558767744 92 13 45
SIR 99 36.43365876494065 92 12 46
SIR 100 37.119451142257844 91 13 46
SIR 101 37.217562578412235 90 14 46
SIR 102 37.701512674257536 89 15 46
SIR 103 37.703667779564235 89 14 47
SIR 104 38.25487438905613 88 15 47
SIR 105 38.328216039495146 87 16 47
SIR 106 38.50115821187677 87 15 48
SIR 107 38.94361332486413 87 14 49
SIR 108 39.3753121298779 87 13 50
SIR 109 40.172914918540684 87 12 51
SIR 110 40.1912535791868 87 11 52
SIR 111 40.454537295215964 86 12 52
SIR 112 40.76780423741915 86 11 53
SIR 113 40.827107275844284 86 10 54
SIR 114 41.588610283452454 86 9 55
SIR 115 42.86803621399579 86 8 56
SIR 116 42.969254024543346 86 7 57
SIR 117 43.02044774544875 85 8 57
SIR 118 43.82550074098037 84 9 57
SIR 119 43.98286749184102 84 8 58
SIR 120 44.09554111846163 83 9 58
SIR 121 46.011150289431306 82 10 58
SIR 122 46.47195464623624 82 9 59
SIR 123 47.437639043780614 81 10 59
SIR 124 48.61988952683409 81 9 60
SIR 125 48.69305148797033 81 8 61
SIR 126 49.15351144483821 80 9 61
SIR 127 49.65214766202704 80 8 62
SIR 128 50.236122292418564 80 7 63
SIR 129 50.7199345322091 80 6 64
SIR 130 51.217159951522625 80 5 65
SIR 131 51.33216352938344 79 6 65
SIR 132 54.11701210443432 79 5 66
SIR 133 55.012820151417 78 6 66
SIR 134 56.983037278255864 78 5 67
SIR 135 57.75557937883867 77 6 67
SIR 136 58.009219240780375 77 5 68
SIR 137 59.1611969558474 76 6 68
SIR 138 59.52774500399977 76 5 69
SIR 139 60.78316790488594 75 6 69
SIR 140 60.798427015207956 75 5 70
SIR 141 62.59576237717578 74 6 70
SIR 142 63.40720264335277 73 7 70
SIR 143 63.76999177303966 73 6 71
SIR 144 65.91107636479833 72 7 71
SIR 145 65.91646160268714 71 8 71
SIR 146 65.93526434217469 70 9 71
SIR 147 66.31005650665864 70 8 72
SIR 148 66.5816797840656 70 7 73
SIR 149 66.6048579557598 69 8 73
SIR 150 67.30050118386441 69 7 74
SIR 151 68.1806724118922 68 8 74
SIR 152 68.56908903402606 68 7 75
SIR 153 70.58228591912703 67 8 75
SIR 154 71.17416765247927 67 7 76
SIR 155 71.23720587854277 66 8 76
SIR 156 71.28927111150588 65 9 76
SIR 157 72.5576219336656 64 10 76
SIR 158 73.2788157163155 64 9 77
SIR 159 73.52399771253828 64 8 78
SIR 160 77.23256399232709 63 9 78
SIR 161 77.64913556203828 63 8 79
SIR 162 80.14447169696034 62 9 79
SIR 163 80.46546107865174 62 8 80
SIR 164 81.10738172328549 62 7 81
SIR 165 81.4947214218916 62 6 82
SIR 166 81.86394478032672 61 7 82
SIR 167 84.81764995623394 60 8 82
SIR 168 84.91388260715084 59 9 82
SIR 169 85.34408411313348 59 8 83
SIR 170 86.3538459001136 59 7 84
SIR 171 86.56910810258802 58 8 84
SIR 172 87.2866711837267 58 7 85
SIR 173 87.39260314129308 57 8 85
SIR 174 87.63197169769501 57 7 86
SIR 175 87.95690180593266 56 8 86
SIR 176 92.06030596940843 55 9 86
SIR 177 92.32340084099661 54 10 86
SIR 178 92.45474709071875 54 9 87
SIR 179 92.99791143158237 53 10 87
SIR 180 93.20229959421904 53 9 88
SIR 181 93.5829435850343 53 8 89
SIR 182 94.79539043365618 52 9 89
SIR 183 95.07861075312707 51 10 89
SIR 184 95.83657942306971 51 9 90
SIR 185 97.51824030166102 51 8 91
SIR 186 97.90721726516195 51 7 92
SIR 187 98.72068356352004 50 8 92
SIR 188 99.06059785816582 50 7 93
SIR 189 99.14800401227315 49 8 93
SIR 190 101.78407681549213 48 9 93
SIR 191 101.95109454521322 47 10 93
SIR 192 102.84453231921549 46 11 93
SIR 193 102.90501451513958 46 10 94
SIR 194 104.0331201360571 46 9 95
SIR 195 107.98760496993775 46 8 96
SIR 196 109.3765622349013 45 9 96
SIR 197 109.41492205814603 44 10 96
SIR 198 111.62458638513273 44 9 97
SIR 199 111.64538815792768 44 8 98
SIR 200 111.69111006326827 44 7 99
SIR 201 113.5048664563259 43 8 99
SIR 202 113.60991464816185 43 7 100
SIR 203 114.11803404333952 43 6 101
SIR 204 114.70065775876726 43 5 102
SIR 205 114.9139220134265 43 4 103
SIR 206 119.42257704467181 43 3 104
SIR 207 120.53248599981634 43 2 105
