action step time popS popI popR
- 0 0.0 120 5 0
SIR 1 1.6208624878609228 120 4 1
SIR 2 1.9323002492640537 119 5 1
SIR 3 2.7749513804706796 118 6 1
SIR 4 5.620274864260127 117 7 1
SIR 5 5.946475280875058 116 8 1
SIR 6 7.291077258212909 116 7 2
SIR 7 7.756845026378518 115 8 2
SIR 8 9.33015459697688 115 7 3
SIR 9 9.905254845311712 114 8 3
SIR 10 10.253728572827006 114 7 4
SIR 11 10.914441663029736 114 6 5
SIR 12 10.964794285821093 113 7 5
SIR 13 11.032520333374839 113 6 6
SIR 14 14.210534453699614 112 7 6
SIR 15 14.373440515652568 112 6 7
SIR 16 15.083409222104903 111 7 7
SIR 17 16.0342788993451 110 8 7
SIR 18 17.219977813320977 109 9 7
SIR 19 19.67430342859161 109 8 8
SIR 20 20.403047753907185 109 7 9
SIR 21 21.024551644290515 109 6 10
SIR 22 21.221707214315717 108 7 10
SIR 23 21.610874620365873 107 8 10
SIR 24 21.624735944700944 106 9 10
SIR 25 21.63255215090865 106 8 11
SIR 26 22.472193331334548 105 9 11
SIR 27 22.798248346511343 104 10 11
SIR 28 23.03244722071442 103 11 11
SIR 29 23.237108532586248 102 12 11
SIR 30 23.441302386308248 101 13 11
SIR 31 23.50838884760463 101 12 12
SIR 32 23.54476603981822 101 11 13
SIR 33 24.193111865963854 100 12 13
SIR 34 25.52823393124299 99 13 13
SIR 35 25.54913835243569 98 14 13
SIR 36 25.97266090241868 97 15 13
SIR 37 26.179599581463787 96 16 13
SIR 38 26.457285332146323 95 17 13
SIR 39 26.621597977231318 94 18 13
SIR 40 26.68974508821816 94 17 14
SIR 41 29.088180188422967 93 18 14
SIR 42 30.014586551054585 92 19 14
SIR 43 30.50152935515861 91 20 14
SIR 44 30.532085819016547 90 21 14
SIR 45 31.226654759430907 89 22 14
SIR 46 31.231575604675985 89 21 15
SIR 47 31.59182284095119 88 22 15
SIR 48 31.723928755727446 88 21 16
SIR 49 32.23447083649497 88 20 17
SIR 50 32.3567726383837 88 19 18
SIR 51 32.39868037575889 88 18 19
SIR 52 32.59417337025794 88 17 20
SIR 53 32.69020840517341 87 18 20
SIR 54 32.99963559757193 86 19 20
SIR 55 33.365710643273246 86 18 21
SIR 56 33.48374171728102 86 17 22
SIR 57 34.52778832312127 86 16 23
SIR 58 35.31582452608131 85 17 23
SIR 59 35.484771807609846 85 16 24
SIR 60 35.68183519685198 84 17 24
SIR 61 35.963566270232945 84 16 25
SIR 62 36.13453331575573 84 15 26
SIR 63 36.520330006620014 84 14 27
SIR 64 37.501345454132064 84 13 28
SIR 65 37.56064938634452 84 12 29
SIR 66 38.1377474910274 84 11 30
SIR 67 38.65564857524441 84 10 31
SIR 68 40.43257754108946 83 11 31
SIR 69 40.984912623676294 82 12 31
SIR 70 41.30359174924061 81 13 31
SIR 71 41.61342480215899 80 14 31
SIR 72 42.179927225470806 79 15 31
SIR 73 42.20204678313182 78 16 31
SIR 74 42.29172905737761 77 17 31
SIR 75 42.79756251364923 77 16 32
SIR 76 43.13895383889468 76 17 32
SIR 77 43.62810003869251 76 16 33
SIR 78 44.73639023261036 76 15 34
SIR 79 44.92072962525492 76 14 35
SIR 80 45.03127888956555 75 15 35
SIR 81 45.66844928906761 75 14 36
SIR 82 45.874745881035366 74 15 36
SIR 83 46.0987248773557 74 14 37
SIR 84 46.187973833712036 73 15 37
SIR 85 46.35568939139578 73 14 38
SIR 86 46.37937022861618 72 15 38
SIR 87 46.80565766755517 72 14 39
SIR 88 46.89440967469666 71 15 39
SIR 89 47.05151710384136 70 16 39
SIR 90 47.20980735999239 70 15 40
SIR 91 47.23971557555259 69 16 40
SIR 92 47.37414733565349 68 17 40
SIR 93 47.45987624812752 68 16 41
SIR 94 47.58452226492097 67 17 41
SIR 95 48.46650774624597 66 18 41
SIR 96 48.50380921910448 65 19 41
SIR 97 49.18712072884303 64 20 41
SIR 98 49.225819194470326 64 19 42
SIR 99 49.27937413672719 64 18 43
SIR 100 49.648880025315464 64 17 44
SIR 101 50.475214698449186 64 16 45
SIR 102 50.69885367255797 64 15 46
SIR 103 50.8003612560393 64 14 47
SIR 104 51.2563560157705 64 13 48
SIR 105 51.504060140488065 63 14 48
SIR 106 51.85184491729028 62 15 48
SIR 107 51.85474603939398 62 14 49
SIR 108 53.37020883543431 61 15 49
SIR 109 53.634276320672384 61 14 50
SIR 110 54.561825540798566 61 13 51
SIR 111 54.6316675384801 60 14 51
SIR 112 54.75944240527164 59 15 51
SIR 113 56.34368647409957 58 16 51
SIR 114 56.41249225176898 58 15 52
SIR 115 56.46243819464052 57 16 52
SIR 116 56.54597622771495 57 15 53
SIR 117 56.913305127741786 57 14 54
SIR 118 57.707283819062674 57 13 55
SIR 119 58.311286834968314 57 12 56
SIR 120 58.53795083587441 56 13 56
SIR 121 58.58509435093707 55 14 56
SIR 122 58.65447616545894 55 13 57
SIR 123 58.7840639573668 54 14 57
SIR 124 58.873020482830945 54 13 58
SIR 125 59.32678440825582 53 14 58
SIR 126 59.49249088825763 52 15 58
SIR 127 59.61468580841726 51 16 58
SIR 128 59.903247113606284 51 15 59
SIR 129 60.088678274644444 51 14 60
SIR 130 60.426230421059095 50 15 60
SIR 131 60.70182024740123 49 16 60
SIR 132 60.75522973830758 49 15 61
SIR 133 63.28227166122116 49 14 62
SIR 134 64.34888368186608 48 15 62
SIR 135 64.426380933467 47 16 62
SIR 136 64.60816529722302 47 15 63
SIR 137 64.77413637749403 47 14 64
SIR 138 65.36665050330389 46 15 64
SIR 139 65.43887389747715 46 14 65
SIR 140 65.50051326927769 46 13 66
SIR 141 65.64388840665433 46 12 67
SIR 142 65.81310529543497 46 11 68
SIR 143 66.12319385943489 46 10 69
SIR 144 68.0654956217393 46 9 70
SIR 145 69.2728328066444 45 10 70
SIR 146 69.43610108857973 44 11 70
SIR 147 69.8541727481166 44 10 71
SIR 148 70.62920041498863 44 9 72
SIR 149 71.2650028517614 44 8 73
SIR 150 71.32240191548823 44 7 74
SIR 151 71.9655504759524 43 8 74
SIR 152 72.96979337574581 43 7 75
SIR 153 74.60517618679825 43 6 76
SIR 154 76.85847754071474 43 5 77
SIR 155 77.62422591906835 42 6 77
SIR 156 78.09751754701651 42 5 78
SIR 157 82.08370033467195 42 4 79
SIR 158 82.30256483960915 42 3 80
SIR 159 82.47378593357807 42 2 81
SIR 160 84.68446699856158 41 3 81
SIR 161 85.470473516795 40 4 81
SIR 162 86.14791321745928 40 3 82
SIR 163 90.03051754924331 39 4 82
SIR 164 90.79538718055903 39 3 83
SIR 165 91.6584729392155 38 4 83
SIR 166 95.38313275138267 38 3 84
SIR 167 95.89193603834397 38 2 85
SIR 168 105.99890702178274 38 1 86
SIR 169 112.06597557418951 38 0 87
