action step time popS popI popR
- 0 0.0 170 5 0
SIR 1 1.9048184769528922 170 4 1
SIR 2 5.261641266475251 169 5 1
SIR 3 5.967682928973977 169 4 2
SIR 4 6.381150984247377 168 5 2
SIR 5 6.573622706918586 168 4 3
SIR 6 6.946853963962553 167 5 3
SIR 7 7.273020322333835 166 6 3
SIR 8 7.717606177193064 165 7 3
SIR 9 7.7352054603043365 165 6 4
SIR 10 7.936058971771986 164 7 4
SIR 11 8.118098754803231 163 8 4
SIR 12 8.500110814664202 162 9 4
SIR 13 8.853402347247265 162 8 5
SIR 14 9.553785606026537 161 9 5
SIR 15 9.58805749257021 161 8 6
SIR 16 9.813742450085044 160 9 6
SIR 17 10.064277369002967 159 10 6
SIR 18 12.186970036813598 158 11 6
SIR 19 12.577996072442717 157 12 6
SIR 20 14.044901024669777 156 13 6
SIR 21 14.641330168045494 155 14 6
SIR 22 14.662509132012788 154 15 6
SIR 23 14.725150284562876 153 16 6
SIR 24 14.750731862234526 153 15 7
SIR 25 14.781963574146625 153 14 8
SIR 26 14.813780132888892 153 13 9
SIR 27 14.87285625899062 152 14 9
SIR 28 15.086710504535858 152 13 10
SIR 29 15.230548330932738 151 14 10
SIR 30 15.29650830758412 151 13 11
SIR 31 16.89400087649179 150 14 11
SIR 32 17.33749868459586 150 13 12
SIR 33 17.721971599769606 150 12 13
SIR 34 17.799225593687115 149 13 13
SIR 35 17.85472510197842 149 12 14
SIR 36 18.791668082212066 148 13 14
SIR 37 18.961945911531718 148 12 15
SIR 38 19.03077227118119 148 11 16
SIR 39 19.235334696546815 148 10 17
SIR 40 19.896176483805835 148 9 18
SIR 41 20.22555706062038 147 10 18
SIR 42 21.41635810252438 147 9 19
SIR 43 21.558299524253044 147 8 20
SIR 44 21.81666901104927 147 7 21
SIR 45 22.533591123044403 146 8 21
SIR 46 23.083792296411676 145 9 21
SIR 47 23.17624579606555 144 10 21
SIR 48 23.35938015558052 144 9 22
SIR 49 24.57346473848085 144 8 23
SIR 50 25.03843281027966 143 9 23
SIR 51 25.071142987211644 143 8 24
SIR 52 25.543920496565068 142 9 24
SIR 53 25.589743988489353 141 10 24
SIR 54 25.852493593835977 141 9 25
SIR 55 26.095880190792197 140 10 25
SIR 56 26.79422691472461 139 11 25
SIR 57 27.750265729848724 138 12 25
SIR 58 27.761868110309837 137 13 25
SIR 59 27.9117613705459 137 12 26
SIR 60 28.120859016992153 136 13 26
SIR 61 28.22934677078605 135 14 26
SIR 62 28.31995222453548 134 15 26
SIR 63 28.59090047209012 133 16 26
SIR 64 28.76923817801708 133 15 27
SIR 65 29.049462291069432 132 16 27
SIR 66 29.096743764369265 131 17 27
SIR 67 30.14093074015639 131 16 28
SIR 68 30.19567766327768 130 17 28
SIR 69 30.23566938151026 130 16 29
SIR 70 30.554692176323513 129 17 29
SIR 71 30.69614890158942 129 16 30
SIR 72 30.889070315169878 129 15 31
SIR 73 30.98334160780714 129 14 32
SIR 74 31.39812396460137 129 13 33
SIR 75 31.622126338189577 128 14 33
SIR 76 32.30308321915639 128 13 34
SIR 77 32.57241091379465 127 14 34
SIR 78 32.90670467410548 126 15 34
SIR 79 33.25561158183635 126 14 35
SIR 80 33.36295553862641 125 15 35
SIR 81 33.43841811282547 124 16 35
SIR 82 33.74562055206426 124 15 36
SIR 83 33.84956581960343 124 14 37
SIR 84 34.36687067987361 123 15 37
SIR 85 35.0713669193487 123 14 38
SIR 86 35.46459890908081 122 15 38
SIR 87 36.155422630450296 122 14 39
SIR 88 36.35549422119548 122 13 40
SIR 89 36.51871279991714 121 14 40
SIR 90 36.553562581694955 120 15 40
SIR 91 36.72373289465185 120 14 41
SIR 92 36.77187794006292 119 15 41
SIR 93 36.78512085574078 118 16 41
SIR 94 36.88191371685282 118 15 42
SIR 95 37.1647960990926 117 16 42
SIR 96 37.76043152304171 116 17 42
SIR 97 38.18556089021841 116 16 43
SIR 98 38.3806095676454 116 15 44
SIR 99 38.705398950435175 115 16 44
SIR 100 38.80412379292751 115 15 45
SIR 101 39.02503933801612 114 16 45
SIR 102 39.23013977254377 113 17 45
SIR 103 40.17063969957798 112 18 45
SIR 104 40.20712803808622 111 19 45
SIR 105 40.7453050467538 111 18 46
SIR 106 40.83110348831475 110 19 46
SIR 107 41.40972618272303 109 20 46
SIR 108 41.41407519183073 108 21 46
SIR 109 42.000870672174116 107 22 46
SIR 110 42.11809531399266 107 21 47
SIR 111 42.28519745331559 106 22 47
SIR 112 42.604144973318725 106 21 48
SIR 113 42.6376952866027 105 22 48
SIR 114 42.764369168164606 105 21 49
SIR 115 43.01317555386488 105 20 50
SIR 116 43.63547324462301 105 19 51
SIR 117 44.68592301011966 105 18 52
SIR 118 44.95352729603871 104 19 52
SIR 119 45.18175106881497 103 20 52
SIR 120 45.20667017721167 103 19 53
SIR 121 45.5927475119788 102 20 53
SIR 122 46.256161313456715 101 21 53
SIR 123 46.417707432660215 100 22 53
SIR 124 46.569342511973446 100 21 54
SIR 125 47.07454706787687 99 22 54
SIR 126 47.10397154816498 98 23 54
SIR 127 47.261692740045845 98 22 55
SIR 128 47.317030863381234 97 23 55
SIR 129 47.94299863969305 96 24 55
SIR 130 48.051801493759264 96 23 56
SIR 131 48.06495914860405 95 24 56
SIR 132 48.110535535599446 94 25 56
SIR 133 48.26652204729418 94 24 57
SIR 134 48.40448186429736 94 23 58
SIR 135 48.503318904857345 94 22 59
SIR 136 48.582760204496616 94 21 60
SIR 137 48.585182759628616 94 20 61
SIR 138 48.92017150609803 93 21 61
SIR 139 48.999732305487846 93 20 62
SIR 140 49.37540247770242 92 21 62
SIR 141 49.50214282471951 92 20 63
SIR 142 49.95402513068278 92 19 64
SIR 143 50.27765370221087 92 18 65
SIR 144 50.42355717682817 91 19 65
SIR 145 50.507766440536344 91 18 66
SIR 146 50.52789917933331 90 19 66
SIR 147 50.56440330689484 89 20 66
SIR 148 50.571470914516006 89 19 67
SIR 149 50.799702304326864 89 18 68
SIR 150 50.87382919613388 88 19 68
SIR 151 51.262515984916526 88 18 69
SIR 152 51.27461751779947 88 17 70
SIR 153 51.39429892554171 87 18 70
SIR 154 51.79722666415737 87 17 71
SIR 155 51.924753881789755 87 16 72
SIR 156 51.93226858269471 87 15 73
SIR 157 52.20541225813397 86 16 73
SIR 158 52.33448735165124 86 15 74
SIR 159 52.636480781390965 86 14 75
SIR 160 52.64270619020048 85 15 75
SIR 161 52.80814060488422 84 16 75
SIR 162 53.0378083752269 84 15 76
SIR 163 53.38040998174611 83 16 76
SIR 164 53.80305649010379 83 15 77
SIR 165 54.06599919830966 83 14 78
SIR 166 55.05792768756322 83 13 79
SIR 167 55.78037317085974 83 12 80
SIR 168 55.8159336554433 83 11 81
SIR 169 55.89040928349793 82 12 81
SIR 170 56.324476971403655 81 13 81
SIR 171 56.71404284113798 81 12 82
SIR 172 56.84942605627743 81 11 83
SIR 173 57.248115547300586 81 10 84
SIR 174 57.27692072707784 81 9 85
SIR 175 58.97617473465733 81 8 86
SIR 176 60.713850253022116 81 7 87
SIR 177 62.43002449016409 80 8 87
SIR 178 63.747457810203244 80 7 88
SIR 179 68.62290323988171 80 6 89
SIR 180 70.43470403160187 79 7 89
SIR 181 70.73619819638022 79 6 90
SIR 182 71.04980182823887 78 7 90
SIR 183 71.09377273405306 78 6 91
SIR 184 71.15255610328528 77 7 91
SIR 185 71.87436450104555 76 8 91
SIR 186 72.88888666466022 75 9 91
SIR 187 73.02546412967581 74 10 91
SIR 188 73.29947587224473 73 11 91
SIR 189 73.71374557790728 72 12 91
SIR 190 74.30826107154851 72 11 92
SIR 191 74.53732096618779 72 10 93
SIR 192 74.75877410955067 71 11 93
SIR 193 76.18754184126733 70 12 93
SIR 194 76.22379325299703 69 13 93
SIR 195 76.25283808010053 69 12 94
SIR 196 76.54056357958193 69 11 95
SIR 197 76.63675953133018 69 10 96
SIR 198 77.24552962018723 69 9 97
SIR 199 77.9298236049827 69 8 98
SIR 200 78.5637573953717 69 7 99
SIR 201 78.5677606617817 68 8 99
SIR 202 80.16028788020797 68 7 100
SIR 203 81.5884432105812 67 8 100
SIR 204 81.64967433705247 66 9 100
SIR 205 83.37276884205443 66 8 101
SIR 206 83.58405450253079 66 7 102
SIR 207 84.95507153635863 66 6 103
SIR 208 85.48664608791584 65 7 103
SIR 209 87.56577807139799 64 8 103
SIR 210 88.79523358194453 63 9 103
SIR 211 90.01733833887928 63 8 104
SIR 212 90.77904671794172 63 7 105
SIR 213 91.82092311556488 63 6 106
SIR 214 94.08843661727997 63 5 107
SIR 215 94.41152875863139 63 4 108
SIR 216 97.11342746673114 62 5 108
SIR 217 98.93305075991363 62 4 109
SIR 218 99.24261703088604 62 3 110
SIR 219 105.07952806815598 62 2 111
SIR 220 108.27797719948035 62 1 112
SIR 221 109.32260444152554 62 0 113
