action step time popS popI popR
- 0 0.0 170 5 0
SIR 1 0.08348204441116253 169 6 0
SIR 2 0.7397071513096343 168 7 0
SIR 3 0.8327673027496776 168 6 1
SIR 4 1.0684883950614101 167 7 1
SIR 5 1.389977202783482 166 8 1
SIR 6 1.8128178936968513 165 9 1
SIR 7 3.195586748961576 164 10 1
SIR 8 4.632215926258653 163 11 1
SIR 9 4.668464544023353 163 10 2
SIR 10 4.718120952475103 163 9 3
SIR 11 5.439575516241492 162 10 3
SIR 12 5.601612840242799 161 11 3
SIR 13 5.918240055150519 160 12 3
SIR 14 5.999306771556615 159 13 3
SIR 15 6.224039948028773 158 14 3
SIR 16 6.298288789298895 157 15 3
SIR 17 6.515665062425643 156 16 3
SIR 18 6.8648738699268375 155 17 3
SIR 19 7.09915898568281 154 18 3
SIR 20 7.141758186219122 153 19 3
SIR 21 7.511809565849271 152 20 3
SIR 22 7.519363277754271 151 21 3
SIR 23 7.55129473803033 151 20 4
SIR 24 7.625422372462704 150 21 4
SIR 25 7.770425475496336 149 22 4
SIR 26 8.159633843542963 149 21 5
SIR 27 8.224154946756295 149 20 6
SIR 28 8.237392173900744 149 19 7
SIR 29 8.605562087933945 149 18 8
SIR 30 8.622797123353383 148 19 8
SIR 31 8.859695784333175 147 20 8
SIR 32 8.891154009715882 146 21 8
SIR 33 9.349517840735107 146 20 9
SIR 34 9.433719363517898 146 19 10
SIR 35 9.630897607536678 145 20 10
SIR 36 9.759520006794391 144 21 10
SIR 37 9.908541165691322 143 22 10
SIR 38 10.811043154767523 142 23 10
SIR 39 11.136900174192993 142 22 11
SIR 40 11.19541785967598 142 21 12
SIR 41 11.409733936845857 142 20 13
SIR 42 11.777480604748572 141 21 13
SIR 43 11.842618290127628 141 20 14
SIR 44 11.84846696982781 141 19 15
SIR 45 12.07907803160865 140 20 15
SIR 46 12.112317652669935 139 21 15
SIR 47 12.366308076593636 139 20 16
SIR 48 12.459487356486715 138 21 16
SIR 49 12.762439314112424 137 22 16
SIR 50 12.840772701068968 137 21 17
SIR 51 13.054691711200876 136 22 17
SIR 52 13.090912113357637 136 21 18
SIR 53 13.172115003689552 135 22 18
SIR 54 13.435674143870886 135 21 19
SIR 55 13.63126598627388 134 22 19
SIR 56 13.635253405043027 133 23 19
SIR 57 13.79405310183727 133 22 20
SIR 58 13.84741158266315 132 23 20
SIR 59 13.88073610781953 132 22 21
SIR 60 14.071019511977003 132 21 22
SIR 61 14.495497304053247 132 20 23
SIR 62 14.753038014731686 132 19 24
SIR 63 14.80941820938608 131 20 24
SIR 64 15.054568525201693 130 21 24
SIR 65 15.31451971178711 129 22 24
SIR 66 15.414823379094432 128 23 24
SIR 67 15.702265365663875 127 24 24
SIR 68 15.71157164818137 127 23 25
SIR 69 15.955222532720981 127 22 26
SIR 70 15.955906742277767 126 23 26
SIR 71 15.962047751190049 125 24 26
SIR 72 16.454181754897558 124 25 26
SIR 73 16.58849587967602 124 24 27
SIR 74 16.640098216314723 123 25 27
SIR 75 17.155508190645566 123 24 28
SIR 76 17.215461678214425 123 23 29
SIR 77 17.24415657712352 122 24 29
SIR 78 17.288044375903144 121 25 29
SIR 79 17.54449544197927 120 26 29
SIR 80 17.780750440312914 119 27 29
SIR 81 17.90683632446936 118 28 29
SIR 82 18.237322017777856 118 27 30
SIR 83 18.716044591202454 117 28 30
SIR 84 18.841027320036567 116 29 30
SIR 85 18.953477773824577 116 28 31
SIR 86 19.193671486189892 115 29 31
SIR 87 19.295149605564998 114 30 31
SIR 88 19.895262321356217 113 31 31
SIR 89 20.050702577693862 112 32 31
SIR 90 20.281107942226946 112 31 32
SIR 91 20.357200181340378 112 30 33
SIR 92 20.372474509593825 111 31 33
SIR 93 20.456217804407707 111 30 34
SIR 94 20.502988589184884 110 31 34
SIR 95 20.61819047572089 110 30 35
SIR 96 20.972162870205402 109 31 35
SIR 97 21.07702817997043 108 32 35
SIR 98 21.13574051353218 108 31 36
SIR 99 21.146620799207486 107 32 36
SIR 100 21.258242111783485 106 33 36
SIR 101 21.285635286749244 106 32 37
SIR 102 21.558580790351883 106 31 38
SIR 103 21.582638964284982 105 32 38
SIR 104 21.652408937911314 105 31 39
SIR 105 21.794557419414932 104 32 39
SIR 106 22.123924566151974 103 33 39
SIR 107 22.32196298304155 102 34 39
SIR 108 22.51855649745002 101 35 39
SIR 109 22.521327656056904 101 34 40
SIR 110 22.574026428657287 100 35 40
SIR 111 22.62203941396722 100 34 41
SIR 112 22.627882811091453 99 35 41
SIR 113 22.742302432263713 99 34 42
SIR 114 22.88841777005829 99 33 43
SIR 115 23.402959269282846 98 34 43
SIR 116 23.42918401911079 97 35 43
SIR 117 23.470928755475168 96 36 43
SIR 118 23.47093856383843 95 37 43
SIR 119 23.50888064374358 94 38 43
SIR 120 23.545998970987664 94 37 44
SIR 121 23.54773113485062 94 36 45
SIR 122 23.66723760939443 93 37 45
SIR 123 23.79026103816509 93 36 46
SIR 124 24.187286374281054 93 35 47
SIR 125 24.374870026959844 93 34 48
SIR 126 24.978667114959 92 35 48
SIR 127 25.122926154843054 91 36 48
SIR 128 25.201704098171245 90 37 48
SIR 129 25.376389218271502 89 38 48
SIR 130 25.478808177805494 88 39 48
SIR 131 25.824486636167617 88 38 49
SIR 132 26.395973705791864 88 37 50
SIR 133 26.424311858986627 87 38 50
SIR 134 26.700844072211044 86 39 50
SIR 135 26.76458622730112 86 38 51
SIR 136 26.80100500048963 85 39 51
SIR 137 26.975827869096825 85 38 52
SIR 138 27.095348375012147 85 37 53
SIR 139 27.138483161106326 85 36 54
SIR 140 27.31163604467033 84 37 54
SIR 141 27.45404942720342 83 38 54
SIR 142 27.480267071129685 82 39 54
SIR 143 27.483753586828524 81 40 54
SIR 144 27.505300315988762 80 41 54
SIR 145 27.527184734366944 79 42 54
SIR 146 27.632205179198074 79 41 55
SIR 147 27.634391299550963 78 42 55
SIR 148 27.719063696082028 78 41 56
SIR 149 27.755514384746245 78 40 57
SIR 150 27.839239936410788 78 39 58
SIR 151 27.962189551059005 78 38 59
SIR 152 28.05459665599139 78 37 60
SIR 153 28.37584926464874 77 38 60
SIR 154 28.538922263454104 77 37 61
SIR 155 28.613353424199378 77 36 62
SIR 156 28.658363454147636 77 35 63
SIR 157 28.661025921467964 77 34 64
SIR 158 29.126203997657456 77 33 65
SIR 159 29.559996699434443 76 34 65
SIR 160 29.713737719912707 75 35 65
SIR 161 29.832555062715937 75 34 66
SIR 162 30.013539386413544 75 33 67
SIR 163 30.234316117760738 74 34 67
SIR 164 30.295890906132026 74 33 68
SIR 165 30.409521111312614 73 34 68
SIR 166 30.53030676607182 73 33 69
SIR 167 30.541429472541328 73 32 70
SIR 168 30.614984817166626 72 33 70
SIR 169 30.759858563487175 72 32 71
SIR 170 30.801387948257563 71 33 71
SIR 171 30.809785837900083 71 32 72
SIR 172 30.846607622051312 70 33 72
SIR 173 30.891454332818544 70 32 73
SIR 174 31.10737812892803 70 31 74
SIR 175 31.289968035406137 69 32 74
SIR 176 31.536283382353577 68 33 74
SIR 177 32.01589305743556 67 34 74
SIR 178 32.415726486218205 66 35 74
SIR 179 32.75068846395263 66 34 75
SIR 180 33.026067244097234 66 33 76
SIR 181 33.07006583093947 65 34 76
SIR 182 33.25575984541322 65 33 77
SIR 183 33.264761938414715 65 32 78
SIR 184 33.328416546965855 64 33 78
SIR 185 33.638855441262706 63 34 78
SIR 186 33.76950972974664 62 35 78
SIR 187 33.847564537492744 62 34 79
SIR 188 34.020325478060975 62 33 80
SIR 189 34.041406395069664 62 32 81
SIR 190 34.09812341759041 62 31 82
SIR 191 34.21920248717265 62 30 83
SIR 192 34.45053598345211 62 29 84
SIR 193 34.49607432679895 62 28 85
SIR 194 34.921759994826445 62 27 86
SIR 195 34.93684248831605 61 28 86
SIR 196 35.01472433916388 61 27 87
SIR 197 35.26381726064663 61 26 88
SIR 198 35.334410418993514 60 27 88
SIR 199 35.6359656342825 59 28 88
SIR 200 35.752180560604074 58 29 88
SIR 201 36.07996747248492 58 28 89
SIR 202 36.18132947204575 58 27 90
SIR 203 36.31232401005553 58 26 91
SIR 204 36.402194924690185 57 27 91
SIR 205 36.45069805040016 57 26 92
SIR 206 36.61855648161674 56 27 92
SIR 207 36.75110048720492 55 28 92
SIR 208 37.04862759500206 54 29 92
SIR 209 37.40476299094094 53 30 92
SIR 210 37.575007902430364 53 29 93
SIR 211 37.60448967050254 53 28 94
SIR 212 37.6509986893482 52 29 94
SIR 213 37.651673271735554 52 28 95
SIR 214 38.057477941601334 51 29 95
SIR 215 38.06938237695397 51 28 96
SIR 216 38.149198921437616 51 27 97
SIR 217 38.31366014153635 50 28 97
SIR 218 38.56134673904469 50 27 98
SIR 219 38.6055716002817 50 26 99
SIR 220 38.77652911188968 49 27 99
SIR 221 39.0261627134226 49 26 100
SIR 222 39.07305211682791 49 25 101
SIR 223 39.22364696834461 49 24 102
SIR 224 39.336703124078866 49 23 103
SIR 225 39.42602941694948 49 22 104
SIR 226 40.140332829719036 48 23 104
SIR 227 40.32998656415847 47 24 104
SIR 228 40.46321509892084 46 25 104
SIR 229 40.515990977744764 46 24 105
SIR 230 40.83861114176553 45 25 105
SIR 231 41.60659962647317 44 26 105
SIR 232 42.2826980733698 44 25 106
SIR 233 42.6431859026385 43 26 106
SIR 234 42.68098821896408 43 25 107
SIR 235 42.729358413281005 43 24 108
SIR 236 43.05249081046489 43 23 109
SIR 237 43.083442273348005 43 22 110
SIR 238 43.10928394067265 43 21 111
SIR 239 43.28116787497071 43 20 112
SIR 240 43.771085456677326 42 21 112
SIR 241 43.904739022030235 42 20 113
SIR 242 44.11644041074943 41 21 113
SIR 243 44.11703690888449 41 20 114
SIR 244 44.167949197636915 40 21 114
SIR 245 44.31903750365858 40 20 115
SIR 246 44.4188589892434 40 19 116
SIR 247 45.25447031095342 40 18 117
SIR 248 45.45791341929802 40 17 118
SIR 249 46.580745190971044 39 18 118
SIR 250 47.34415748983415 39 17 119
SIR 251 48.12172326393106 38 18 119
SIR 252 48.18765648751128 38 17 120
SIR 253 48.26995028738176 38 16 121
SIR 254 48.28528610232122 37 17 121
SIR 255 48.35793414152573 37 16 122
SIR 256 48.55436486589795 37 15 123
SIR 257 48.62652931536845 37 14 124
SIR 258 49.37312236716407 36 15 124
SIR 259 49.565848341953114 36 14 125
SIR 260 49.830544603799446 36 13 126
SIR 261 49.8724265166755 36 12 127
SIR 262 50.09471198540828 35 13 127
SIR 263 50.37437224161468 34 14 127
SIR 264 52.25205135201635 34 13 128
SIR 265 52.476292868875625 33 14 128
SIR 266 52.49744019325129 33 13 129
SIR 267 53.453273645762025 33 12 130
SIR 268 54.732279917220616 33 11 131
SIR 269 55.07112589605641 32 12 131
SIR 270 55.685069347664886 32 11 132
SIR 271 55.842323862510966 32 10 133
SIR 272 56.89541532857335 32 9 134
SIR 273 59.83197423476427 32 8 135
SIR 274 61.5045657714222 31 9 135
SIR 275 63.34806176021246 31 8 136
SIR 276 63.459399698753245 30 9 136
SIR 277 64.58676644488885 30 8 137
SIR 278 64.85938410829338 30 7 138
SIR 279 65.1356517422313 30 6 139
SIR 280 65.88758071233708 30 5 140
SIR 281 66.09138054646485 30 4 141
SIR 282 66.56545165161637 30 3 142
SIR 283 68.8823085577207 30 2 143
SIR 284 72.18057909836604 30 1 144
SIR 285 77.6926243396939 30 0 145
