action step time popS popI popR
- 0 0.0 195 5 0
SIR 1 1.6208792082421297 195 4 1
SIR 2 1.812015811484524 194 5 1
SIR 3 2.417511879127957 193 6 1
SIR 4 2.7407293372580397 192 7 1
SIR 5 2.7627766512642675 192 6 2
SIR 6 2.891132961039935 192 5 3
SIR 7 2.9835775658226935 191 6 3
SIR 8 4.38413582060565 191 5 4
SIR 9 4.92369962714749 190 6 4
SIR 10 5.384467824543545 189 7 4
SIR 11 6.2336680908576625 188 8 4
SIR 12 6.451881503381397 187 9 4
SIR 13 6.928414033691609 186 10 4
SIR 14 6.982678745081179 186 9 5
SIR 15 7.086975528738405 185 10 5
SIR 16 7.293680009734926 184 11 5
SIR 17 7.406323540574017 184 10 6
SIR 18 7.649909557449662 183 11 6
SIR 19 7.7894798872926145 182 12 6
SIR 20 7.860589495474028 182 11 7
SIR 21 7.883493653175761 182 10 8
SIR 22 7.958010711280271 181 11 8
SIR 23 8.087566395689839 181 10 9
SIR 24 8.241080195237682 181 9 10
SIR 25 8.306458550867356 181 8 11
SIR 26 8.747316907663436 181 7 12
SIR 27 8.808655005785312 181 6 13
SIR 28 8.917639933305026 180 7 13
SIR 29 10.166013291224463 179 8 13
SIR 30 10.500854006746708 179 7 14
SIR 31 10.768463233213797 179 6 15
SIR 32 10.925514211966558 179 5 16
SIR 33 11.168704151808779 178 6 16
SIR 34 11.834496526891096 177 7 16
SIR 35 12.283057291688925 177 6 17
SIR 36 13.60254306643401 176 7 17
SIR 37 16.1520484900831 176 6 18
SIR 38 17.07058262186052 176 5 19
SIR 39 17.404802694915283 175 6 19
SIR 40 18.062019721829106 174 7 19
SIR 41 18.666751176868367 173 8 19
SIR 42 20.12790066323617 172 9 19
SIR 43 21.291177661412554 171 10 19
SIR 44 21.603482622993877 171 9 20
SIR 45 21.692100363007402 170 10 20
SIR 46 21.863562117787293 170 9 21
SIR 47 21.868901969224364 169 10 21
SIR 48 22.054956147491946 168 11 21
SIR 49 22.17986060899799 168 10 22
SIR 50 22.515468621645436 168 9 23
SIR 51 23.101235880192156 167 10 23
SIR 52 23.10176508780625 166 11 23
SIR 53 23.573633105405904 165 12 23
SIR 54 23.626238092334333 164 13 23
SIR 55 23.629537436831093 163 14 23
SIR 56 23.774346883519865 162 15 23
SIR 57 23.96926743761736 161 16 23
SIR 58 24.010430275887146 160 17 23
SIR 59 24.451690108438353 160 16 24
SIR 60 24.50059158356494 159 17 24
SIR 61 24.67131476889752 158 18 24
SIR 62 24.73654096332799 158 17 25
SIR 63 24.791123894683444 157 18 25
SIR 64 24.820493461910363 157 17 26
SIR 65 25.038130281917834 157 16 27
SIR 66 25.168932052240386 156 17 27
SIR 67 25.205754801068455 155 18 27
SIR 68 25.45963891474938 155 17 28
SIR 69 25.804158244852335 154 18 28
SIR 70 25.877408758431237 154 17 29
SIR 71 26.62290760135066 153 18 29
SIR 72 26.70318868074296 153 17 30
SIR 73 26.824992234896502 153 16 31
SIR 74 27.297419063120547 153 15 32
SIR 75 27.344613668300557 152 16 32
SIR 76 28.344949021682858 151 17 32
SIR 77 28.568716368722335 150 18 32
SIR 78 28.65677026412062 150 17 33
SIR 79 28.74268036986128 149 18 33
SIR 80 28.77714776322999 149 17 34
SIR 81 29.021525296434074 149 16 35
SIR 82 29.039288390083623 148 17 35
SIR 83 29.05246744302035 147 18 35
SIR 84 29.054017710209113 146 19 35
SIR 85 29.797528385096598 146 18 36
SIR 86 29.919964549206085 146 17 37
SIR 87 30.036460743263458 145 18 37
SIR 88 30.17002394567756 144 19 37
SIR 89 30.60425395348818 143 20 37
SIR 90 31.148427751971653 142 21 37
SIR 91 31.558900240339945 141 22 37
SIR 92 31.630107228910465 140 23 37
SIR 93 31.670639473368645 139 24 37
SIR 94 31.720658453741468 138 25 37
SIR 95 31.934310087107573 138 24 38
SIR 96 32.28209287871282 138 23 39
SIR 97 32.300830375002384 138 22 40
SIR 98 32.35428480210422 138 21 41
SIR 99 32.61050225980252 137 22 41
SIR 100 32.640967294165705 136 23 41
SIR 101 33.09421396837104 135 24 41
SIR 102 33.2480215470893 135 23 42
SIR 103 33.2587449783762 135 22 43
SIR 104 33.59041161105444 134 23 43
SIR 105 33.688740521076454 134 22 44
SIR 106 34.00776059922506 134 21 45
SIR 107 34.06097673838653 133 22 45
SIR 108 34.10997285367719 132 23 45
SIR 109 34.15722434600499 132 22 46
SIR 110 34.208988768760356 131 23 46
SIR 111 34.459316670994966 131 22 47
SIR 112 34.952166189928846 131 21 48
SIR 113 35.16889211830966 130 22 48
SIR 114 35.55792676849456 130 21 49
SIR 115 35.6377759386471 129 22 49
SIR 116 36.20675714677655 128 23 49
SIR 117 36.32782065868827 128 22 50
SIR 118 37.514516473923635 127 23 50
SIR 119 37.579320868706155 127 22 51
SIR 120 37.97272155857056 126 23 51
SIR 121 37.998586514809546 125 24 51
SIR 122 38.088267722705446 124 25 51
SIR 123 38.12296855991793 123 26 51
SIR 124 38.340312207997194 122 27 51
SIR 125 38.36781013853455 121 28 51
SIR 126 38.629055950708775 121 27 52
SIR 127 38.638017752909796 120 28 52
SIR 128 38.68757339223131 119 29 52
SIR 129 38.8096819436688 118 30 52
SIR 130 39.03493632482522 117 31 52
SIR 131 39.23097672166858 117 30 53
SIR 132 39.62039078592393 117 29 54
SIR 133 39.76875325105596 117 28 55
SIR 134 39.837323165311425 116 29 55
SIR 135 39.90185942732865 116 28 56
SIR 136 39.96387176320015 116 27 57
SIR 137 39.990461405075244 115 28 57
SIR 138 40.05965679443097 115 27 58
SIR 139 40.1957598903621 114 28 58
SIR 140 40.19645448388587 113 29 58
SIR 141 40.30281742504007 112 30 58
SIR 142 40.54394136818212 111 31 58
SIR 143 40.64534605337851 110 32 58
SIR 144 41.10467228224411 109 33 58
SIR 145 41.13206617942504 109 32 59
SIR 146 41.22192747227842 109 31 60
SIR 147 41.74665049682196 109 30 61
SIR 148 42.06983127651985 109 29 62
SIR 149 42.14275171206704 108 30 62
SIR 150 42.17247042363512 108 29 63
SIR 151 42.23845640046232 107 30 63
SIR 152 42.43545128278175 107 29 64
SIR 153 42.47045195120157 107 28 65
SIR 154 42.60445871317683 106 29 65
SIR 155 42.76388219126509 106 28 66
SIR 156 42.831994406410125 106 27 67
SIR 157 42.89056843928636 106 26 68
SIR 158 43.03563544708735 106 25 69
SIR 159 43.296630851458595 105 26 69
SIR 160 43.521085273147186 105 25 70
SIR 161 43.57908006178559 104 26 70
SIR 162 43.697478362806535 103 27 70
SIR 163 43.98296842223122 102 28 70
SIR 164 44.60849639115099 102 27 71
SIR 165 44.63800824820263 102 26 72
SIR 166 44.83289824292622 101 27 72
SIR 167 44.9606855294841 100 28 72
SIR 168 44.96258546366871 99 29 72
SIR 169 45.126898829228494 98 30 72
SIR 170 45.17768181906964 97 31 72
SIR 171 45.429103470888656 96 32 72
SIR 172 45.55969505462174 95 33 72
SIR 173 46.0421732305457 95 32 73
SIR 174 46.19010094718429 94 33 73
SIR 175 46.28658967340041 93 34 73
SIR 176 46.60649019718272 92 35 73
SIR 177 46.64057203262811 91 36 73
SIR 178 47.056434269280295 91 35 74
SIR 179 47.15507358645419 91 34 75
SIR 180 47.40037418208515 91 33 76
SIR 181 47.46825943026827 91 32 77
SIR 182 47.49340415145441 91 31 78
SIR 183 47.53165086142619 91 30 79
SIR 184 47.57864613142124 90 31 79
SIR 185 47.95871762659629 89 32 79
SIR 186 47.979524184624445 88 33 79
SIR 187 48.03995048695979 87 34 79
SIR 188 48.16641591497997 86 35 79
SIR 189 48.51758447117484 85 36 79
SIR 190 48.74103087907172 85 35 80
SIR 191 49.1499761519868 84 36 80
SIR 192 49.30948995752434 84 35 81
SIR 193 49.39689228752675 84 34 82
SIR 194 49.45851932721715 84 33 83
SIR 195 49.69172969811975 84 32 84
SIR 196 49.71827243630981 83 33 84
SIR 197 50.253680654287365 83 32 85
SIR 198 50.44473415675304 83 31 86
SIR 199 50.44642912762772 83 30 87
SIR 200 50.502703003409565 83 29 88
SIR 201 50.61394680173197 82 30 88
SIR 202 50.704485643877334 81 31 88
SIR 203 50.92234851301687 80 32 88
SIR 204 50.997635285559824 80 31 89
SIR 205 51.1618847730403 79 32 89
SIR 206 51.1957237747292 78 33 89
SIR 207 51.24416803672733 78 32 90
SIR 208 51.318815367956184 77 33 90
SIR 209 51.39408852566159 76 34 90
SIR 210 51.59474444167219 75 35 90
SIR 211 51.633294192453256 75 34 91
SIR 212 51.63498680265883 75 33 92
SIR 213 51.69067243955476 75 32 93
SIR 214 51.74840722703523 74 33 93
SIR 215 52.04630614184235 73 34 93
SIR 216 52.06824568731915 72 35 93
SIR 217 52.110160309036615 71 36 93
SIR 218 52.147854808574714 71 35 94
SIR 219 52.18304212050286 70 36 94
SIR 220 52.2445257879321 70 35 95
SIR 221 52.54859072188087 70 34 96
SIR 222 53.171599211336535 69 35 96
SIR 223 53.32099877455762 69 34 97
SIR 224 53.5245219990448 68 35 97
SIR 225 53.63499567926561 68 34 98
SIR 226 53.76721575692715 68 33 99
SIR 227 54.02477398904961 67 34 99
SIR 228 54.71734586151359 67 33 100
SIR 229 55.00665185170461 67 32 101
SIR 230 55.041549668300966 67 31 102
SIR 231 55.18966575926385 67 30 103
SIR 232 55.561343424898546 67 29 104
SIR 233 55.723689574304466 66 30 104
SIR 234 56.066121804580845 66 29 105
SIR 235 56.19348631573442 66 28 106
SIR 236 56.2632603891798 66 27 107
SIR 237 57.12586244616718 66 26 108
SIR 238 57.38706105435147 66 25 109
SIR 239 57.41760044745362 66 24 110
SIR 240 57.471959478815386 65 25 110
SIR 241 57.81611495134587 64 26 110
SIR 242 57.87788608457264 63 27 110
SIR 243 57.900576331217025 63 26 111
SIR 244 58.07906851887018 62 27 111
SIR 245 58.20126473431724 62 26 112
SIR 246 58.24896863345602 62 25 113
SIR 247 58.324275538976124 61 26 113
SIR 248 58.89661250735491 61 25 114
SIR 249 58.92708744171321 61 24 115
SIR 250 58.93059229720385 60 25 115
SIR 251 58.990134304622046 60 24 116
SIR 252 59.13986579227735 59 25 116
SIR 253 59.21102604702674 59 24 117
SIR 254 59.45313334682922 58 25 117
SIR 255 59.83393919549667 58 24 118
SIR 256 60.23594721782212 57 25 118
SIR 257 60.547670825844456 56 26 118
SIR 258 61.304406106695225 56 25 119
SIR 259 61.35122119411262 56 24 120
SIR 260 61.72205717379532 56 23 121
SIR 261 61.73018224110052 55 24 121
SIR 262 61.97005782133276 54 25 121
SIR 263 61.97155214344004 54 24 122
SIR 264 62.04549131938615 54 23 123
SIR 265 62.176974682810744 54 22 124
SIR 266 62.431787207590936 53 23 124
SIR 267 62.46878659471684 53 22 125
SIR 268 63.880116156605546 52 23 125
SIR 269 63.91725283383318 52 22 126
SIR 270 65.04202673085202 51 23 126
SIR 271 65.06214468113214 50 24 126
SIR 272 65.11717964822526 50 23 127
SIR 273 65.2310572919919 50 22 128
SIR 274 65.31825834744106 50 21 129
SIR 275 65.53241312811303 50 20 130
SIR 276 65.82049352556105 49 21 130
SIR 277 66.01803016560135 48 22 130
SIR 278 66.43713603097648 48 21 131
SIR 279 66.89610710317478 48 20 132
SIR 280 67.09733452234764 48 19 133
SIR 281 67.60450201099252 48 18 134
SIR 282 67.60634379690126 48 17 135
SIR 283 68.62600510265491 47 18 135
SIR 284 68.8159186061485 47 17 136
SIR 285 69.28884063158212 46 18 136
SIR 286 69.8410850255584 46 17 137
SIR 287 70.2325455607356 46 16 138
SIR 288 70.86044657989308 46 15 139
SIR 289 70.91259982450164 45 16 139
SIR 290 70.97843335075682 44 17 139
SIR 291 71.75336641848992 44 16 140
SIR 292 71.76510516278147 44 15 141
SIR 293 71.86991304617011 44 14 142
SIR 294 71.95923456388117 44 13 143
SIR 295 73.18531969507528 44 12 144
SIR 296 73.49074976307703 44 11 145
SIR 297 74.21212006359909 43 12 145
SIR 298 74.5100067453683 43 11 146
SIR 299 74.60414608438386 43 10 147
SIR 300 74.75207501600555 43 9 148
SIR 301 74.80798342813667 42 10 148
SIR 302 74.90234871847275 41 11 148
SIR 303 75.91388390819496 41 10 149
SIR 304 76.01619916141891 41 9 150
SIR 305 76.62916309172503 41 8 151
SIR 306 76.74604275399243 40 9 151
SIR 307 78.94328965424553 40 8 152
SIR 308 79.6923616939445 40 7 153
SIR 309 80.6481450269575 40 6 154
SIR 310 81.14047562587601 40 5 155
SIR 311 84.29891245750623 40 4 156
SIR 312 88.60828382214213 39 5 156
SIR 313 88.69857482872801 39 4 157
SIR 314 95.93870959069204 38 5 157
SIR 315 96.30739910748109 38 4 158
SIR 316 96.67979729753904 38 3 159
SIR 317 97.51906512525069 38 2 160
SIR 318 101.16713351815895 38 1 161
SIR 319 108.17314913538573 38 0 162
