action step time popS popI popR
- 0 0.0 145 5 0
SIR 1 0.4858577037206899 144 6 0
SIR 2 1.403444200639567 144 5 1
SIR 3 2.871171178802491 143 6 1
SIR 4 2.9051925257909277 143 5 2
SIR 5 4.383071998993479 143 4 3
SIR 6 5.562836775794015 142 5 3
SIR 7 5.742382554049543 141 6 3
SIR 8 5.803333154715243 140 7 3
SIR 9 6.4231146202986915 139 8 3
SIR 10 6.760944617009287 138 9 3
SIR 11 6.955375813836212 137 10 3
SIR 12 7.323992472223243 136 11 3
SIR 13 7.544564209002062 136 10 4
SIR 14 7.757636799388691 136 9 5
SIR 15 8.234449077809055 136 8 6
SIR 16 8.880072173598782 135 9 6
SIR 17 9.033342603593495 134 10 6
SIR 18 10.173472080295147 134 9 7
SIR 19 10.812616694963156 133 10 7
SIR 20 11.282786083569754 132 11 7
SIR 21 11.29669927742485 132 10 8
SIR 22 11.507447446984676 132 9 9
SIR 23 11.775658867661361 132 8 10
SIR 24 12.116907214267806 132 7 11
SIR 25 12.435980665300168 131 8 11
SIR 26 13.347020446086002 130 9 11
SIR 27 13.663050706237788 130 8 12
SIR 28 14.225935286219993 130 7 13
SIR 29 15.497813335381712 130 6 14
SIR 30 16.55339435307976 129 7 14
SIR 31 16.660851299064298 128 8 14
SIR 32 17.444429862145046 128 7 15
SIR 33 17.664790429953978 127 8 15
SIR 34 17.84652869319583 127 7 16
SIR 35 18.037521605279654 126 8 16
SIR 36 18.848936016238223 126 7 17
SIR 37 19.51173395468204 125 8 17
SIR 38 19.646807441366857 124 9 17
SIR 39 20.607617637897636 124 8 18
SIR 40 21.87115830439749 123 9 18
SIR 41 22.055413191538054 123 8 19
SIR 42 22.386303269149238 123 7 20
SIR 43 22.525296840575045 122 8 20
SIR 44 23.919016686346726 121 9 20
SIR 45 23.985819711318754 120 10 20
SIR 46 24.0979935635011 119 11 20
SIR 47 24.104240985508273 118 12 20
SIR 48 24.4488243058714 118 11 21
SIR 49 24.675045338019952 118 10 22
SIR 50 25.254937321471445 117 11 22
SIR 51 26.11516371438156 116 12 22
SIR 52 26.384150290504227 115 13 22
SIR 53 26.716548315638132 114 14 22
SIR 54 26.799500565659567 114 13 23
SIR 55 27.30957173101311 113 14 23
SIR 56 27.705033884025205 112 15 23
SIR 57 27.823883915201357 111 16 23
SIR 58 28.092752321109053 110 17 23
SIR 59 28.215828778823145 110 16 24
SIR 60 28.625360305128766 110 15 25
SIR 61 28.656531586899405 110 14 26
SIR 62 28.951235719161545 109 15 26
SIR 63 29.162843102822624 109 14 27
SIR 64 29.366632418533165 109 13 28
SIR 65 29.43133548259676 108 14 28
SIR 66 29.772483735643476 108 13 29
SIR 67 29.805649777785657 108 12 30
SIR 68 29.831695296943902 108 11 31
SIR 69 30.055707928096197 107 12 31
SIR 70 30.170313096783186 107 11 32
SIR 71 30.25723720856678 107 10 33
SIR 72 31.436134114350708 106 11 33
SIR 73 31.90764418222006 105 12 33
SIR 74 32.082265936158194 105 11 34
SIR 75 32.747999202889744 105 10 35
SIR 76 34.795075455011684 105 9 36
SIR 77 35.07533771841217 105 8 37
SIR 78 36.181097730386234 104 9 37
SIR 79 36.90704782507888 103 10 37
SIR 80 37.11368061176211 103 9 38
SIR 81 37.60675848561956 102 10 38
SIR 82 37.815660150469185 101 11 38
SIR 83 38.3899272893976 101 10 39
SIR 84 38.453354341546 100 11 39
SIR 85 38.89178735661287 100 10 40
SIR 86 39.213825910694226 99 11 40
SIR 87 39.57881908281351 98 12 40
SIR 88 39.85937756348882 97 13 40
SIR 89 40.51910812644608 97 12 41
SIR 90 41.165519934418484 97 11 42
SIR 91 42.62231037934009 97 10 43
SIR 92 43.017967995282554 97 9 44
SIR 93 43.71793287575152 96 10 44
SIR 94 44.096630231158024 95 11 44
SIR 95 45.345522848952925 95 10 45
SIR 96 45.9212628903804 94 11 45
SIR 97 47.245318680016474 93 12 45
SIR 98 47.55520764870579 92 13 45
SIR 99 48.44820677884819 92 12 46
SIR 100 48.756537092345155 92 11 47
SIR 101 49.65294170103839 91 12 47
SIR 102 50.51893554338259 90 13 47
SIR 103 51.32236445631233 90 12 48
SIR 104 51.63280728860556 90 11 49
SIR 105 52.78460592163888 90 10 50
SIR 106 53.10533214491995 90 9 51
SIR 107 53.9000656589283 90 8 52
SIR 108 54.486119654129396 89 9 52
SIR 109 54.81706763197083 89 8 53
SIR 110 54.886786439091935 89 7 54
SIR 111 55.841964473236445 88 8 54
SIR 112 56.15751766868941 87 9 54
SIR 113 56.94511682977292 87 8 55
SIR 114 58.32172229329624 86 9 55
SIR 115 58.80731777571862 86 8 56
SIR 116 58.95027649689465 86 7 57
SIR 117 61.37322747418928 86 6 58
SIR 118 61.68571314107948 85 7 58
SIR 119 62.06879196753691 85 6 59
SIR 120 63.744606794969975 84 7 59
SIR 121 64.92905865788293 84 6 60
SIR 122 68.41994466939488 84 5 61
SIR 123 69.38802742282206 84 4 62
SIR 124 69.98922187459746 84 3 63
SIR 125 71.08602087684879 84 2 64
SIR 126 74.0024277418512 83 3 64
SIR 127 74.64173440201724 82 4 64
SIR 128 84.78633535860733 82 3 65
SIR 129 84.78687420371133 82 2 66
SIR 130 95.65733999068843 81 3 66
SIR 131 96.95973530609018 80 4 66
SIR 132 97.07338766486842 79 5 66
SIR 133 98.23426499388925 78 6 66
SIR 134 98.26402852656715 78 5 67
SIR 135 98.30487894477733 77 6 67
SIR 136 98.65901398882417 76 7 67
SIR 137 99.17087279612913 75 8 67
SIR 138 99.56795694885535 75 7 68
SIR 139 99.57446541902459 75 6 69
SIR 140 100.7748449361365 74 7 69
SIR 141 103.21629615768236 74 6 70
SIR 142 104.46025511188967 74 5 71
SIR 143 104.68591046882486 73 6 71
SIR 144 105.47005923365136 73 5 72
SIR 145 106.39203038836743 72 6 72
SIR 146 107.05440636570668 72 5 73
SIR 147 108.05688851096453 72 4 74
SIR 148 108.08094482521324 71 5 74
SIR 149 108.76333515674959 70 6 74
SIR 150 109.05695795456633 69 7 74
SIR 151 109.56566706598038 69 6 75
SIR 152 109.90376479089471 68 7 75
SIR 153 111.62476361798187 68 6 76
SIR 154 113.27047817454381 67 7 76
SIR 155 113.32590998466446 66 8 76
SIR 156 113.77011139432621 66 7 77
SIR 157 113.90416932096946 65 8 77
SIR 158 114.06479389923203 64 9 77
SIR 159 114.11742478964648 64 8 78
SIR 160 115.32822045774387 63 9 78
SIR 161 115.92718163045024 63 8 79
SIR 162 117.87454577143214 62 9 79
SIR 163 119.30200404619116 61 10 79
SIR 164 119.40969017352177 61 9 80
SIR 165 119.98653170520036 61 8 81
SIR 166 123.37274810944761 60 9 81
