action step time popS popI popR
- 0 0.0 170 5 0
SIR 1 0.18482057182389638 169 6 0
SIR 2 0.33891259931802237 168 7 0
SIR 3 0.49103018309651014 167 8 0
SIR 4 0.7616387650401404 166 9 0
SIR 5 0.8498271881677198 165 10 0
SIR 6 1.021035578046647 164 11 0
SIR 7 1.1271898102615203 163 12 0
SIR 8 1.4118135643090546 162 13 0
SIR 9 1.7084536390900869 161 14 0
SIR 10 1.9625952175991106 161 13 1
SIR 11 2.5455492637936095 160 14 1
SIR 12 2.811109517609288 160 13 2
SIR 13 3.316986805106903 160 12 3
SIR 14 3.3977234193064114 159 13 3
SIR 15 3.422086648973456 159 12 4
SIR 16 3.6602446919525335 159 11 5
SIR 17 5.84443880548128 159 10 6
SIR 18 5.893482243407461 159 9 7
SIR 19 6.4841933655577115 158 10 7
SIR 20 6.605158820470558 157 11 7
SIR 21 6.656327819120474 157 10 8
SIR 22 7.076473457350815 156 11 8
SIR 23 8.18562401875992 156 10 9
SIR 24 9.065178868542633 155 11 9
SIR 25 9.186317924044685 155 10 10
SIR 26 9.242006596175385 154 11 10
SIR 27 9.536034507049058 153 12 10
SIR 28 9.568353137519244 152 13 10
SIR 29 9.681901792698575 152 12 11
SIR 30 9.851993625763045 151 13 11
SIR 31 10.398165019413456 150 14 11
SIR 32 10.922214028156771 149 15 11
SIR 33 10.972868646803907 148 16 11
SIR 34 11.39860507505746 147 17 11
SIR 35 11.44374781786366 146 18 11
SIR 36 11.446550977702302 146 17 12
SIR 37 11.639423092042637 145 18 12
SIR 38 12.071353030750203 144 19 12
SIR 39 12.442617837722368 143 20 12
SIR 40 12.649535330551728 143 19 13
SIR 41 13.189585473566895 142 20 13
SIR 42 13.415054895793192 141 21 13
SIR 43 13.678488470601703 141 20 14
SIR 44 13.683182750466107 141 19 15
SIR 45 13.974405858347025 141 18 16
SIR 46 14.023925304644418 140 19 16
SIR 47 14.026211095699749 139 20 16
SIR 48 14.144210795484419 139 19 17
SIR 49 14.281108491739612 138 20 17
SIR 50 14.342852637247187 138 19 18
SIR 51 14.559389384479442 137 20 18
SIR 52 14.716467471758625 136 21 18
SIR 53 14.782552496914764 136 20 19
SIR 54 15.56919674411525 135 21 19
SIR 55 15.618360747806639 134 22 19
SIR 56 15.753604410800971 134 21 20
SIR 57 16.228763955413335 133 22 20
SIR 58 16.54053695620894 133 21 21
SIR 59 16.604196670795204 133 20 22
SIR 60 16.716833065787462 132 21 22
SIR 61 16.85768377765182 131 22 22
SIR 62 17.519136553268016 131 21 23
SIR 63 17.767361061890096 130 22 23
SIR 64 18.078417868823006 130 21 24
SIR 65 18.14411834527934 129 22 24
SIR 66 18.15377333291286 128 23 24
SIR 67 18.27390469131715 127 24 24
SIR 68 18.785745778478425 126 25 24
SIR 69 18.80870844479969 126 24 25
SIR 70 18.9345992557088 126 23 26
SIR 71 19.233240238139224 125 24 26
SIR 72 19.46737845151524 124 25 26
SIR 73 19.834158791395986 123 26 26
SIR 74 20.10364216304754 122 27 26
SIR 75 20.349579619952433 121 28 26
SIR 76 21.353970983319037 120 29 26
SIR 77 21.471640125315414 120 28 27
SIR 78 21.49173911504096 120 27 28
SIR 79 21.73913121024524 119 28 28
SIR 80 22.106834584502277 118 29 28
SIR 81 22.114292850195984 118 28 29
SIR 82 22.146745344763833 117 29 29
SIR 83 22.21769686637662 116 30 29
SIR 84 22.573057011417472 116 29 30
SIR 85 22.683893953341762 115 30 30
SIR 86 22.720070012814503 114 31 30
SIR 87 23.18630296254728 114 30 31
SIR 88 23.33041547688614 114 29 32
SIR 89 23.481832725881233 113 30 32
SIR 90 23.632317533986935 112 31 32
SIR 91 23.837774418943667 112 30 33
SIR 92 23.848185546901373 111 31 33
SIR 93 24.042402061365895 111 30 34
SIR 94 24.167904353031386 110 31 34
SIR 95 24.323279260308055 109 32 34
SIR 96 24.432169214317586 108 33 34
SIR 97 24.782042190619745 108 32 35
SIR 98 24.85125303351772 107 33 35
SIR 99 24.865301025703957 106 34 35
SIR 100 24.872533725870387 105 35 35
SIR 101 25.419870519961787 105 34 36
SIR 102 25.751308744214867 105 33 37
SIR 103 25.77709699151492 105 32 38
SIR 104 25.917970896505835 105 31 39
SIR 105 25.95898971588932 104 32 39
SIR 106 26.059437440655294 104 31 40
SIR 107 26.15582990558293 103 32 40
SIR 108 26.43370156917885 103 31 41
SIR 109 26.617327870139587 103 30 42
SIR 110 26.795575852755682 103 29 43
SIR 111 26.855884582991365 103 28 44
SIR 112 27.254939504761957 103 27 45
SIR 113 27.589259032276267 102 28 45
SIR 114 27.882718767056332 101 29 45
SIR 115 27.994904884143757 101 28 46
SIR 116 28.009596820657016 101 27 47
SIR 117 28.342257109961295 101 26 48
SIR 118 28.4280759765062 100 27 48
SIR 119 28.5113780836129 99 28 48
SIR 120 28.66499001650766 99 27 49
SIR 121 28.670078234163448 99 26 50
SIR 122 28.85516503779581 99 25 51
SIR 123 29.22867934506764 99 24 52
SIR 124 29.378385859327985 99 23 53
SIR 125 29.508808034900966 99 22 54
SIR 126 29.652997981738125 98 23 54
SIR 127 29.672253553027332 98 22 55
SIR 128 29.882135697932263 98 21 56
SIR 129 29.99789914018848 97 22 56
SIR 130 30.351711805647156 96 23 56
SIR 131 30.40750892856472 96 22 57
SIR 132 31.316192719663324 95 23 57
SIR 133 31.49711572478312 94 24 57
SIR 134 31.52412663337061 93 25 57
SIR 135 31.662567491926957 92 26 57
SIR 136 31.67879159083193 91 27 57
SIR 137 31.763127567786555 91 26 58
SIR 138 31.861836961826715 91 25 59
SIR 139 32.109573646883334 91 24 60
SIR 140 32.34354368219999 91 23 61
SIR 141 32.810581878051565 91 22 62
SIR 142 32.91732773361496 91 21 63
SIR 143 33.23887819616799 91 20 64
SIR 144 33.34696824735911 91 19 65
SIR 145 34.047554170310896 91 18 66
SIR 146 34.15263094052581 91 17 67
SIR 147 34.63519935390091 91 16 68
SIR 148 34.67375369233401 90 17 68
SIR 149 34.90395069039762 89 18 68
SIR 150 35.129259715126985 89 17 69
SIR 151 35.64948432418988 88 18 69
SIR 152 35.68460485146575 88 17 70
SIR 153 35.68628819461728 87 18 70
SIR 154 35.927395114585245 86 19 70
SIR 155 36.04297159222187 85 20 70
SIR 156 36.69113515255433 84 21 70
SIR 157 36.74250000021398 83 22 70
SIR 158 36.80296969089123 82 23 70
SIR 159 37.00076452565596 82 22 71
SIR 160 37.44467632478146 81 23 71
SIR 161 37.78748417040133 81 22 72
SIR 162 37.83589052621253 80 23 72
SIR 163 38.0656388864415 80 22 73
SIR 164 38.43226421653762 79 23 73
SIR 165 38.5462755739282 78 24 73
SIR 166 38.648643897564455 78 23 74
SIR 167 38.72453969637271 77 24 74
SIR 168 39.0562175910399 77 23 75
SIR 169 39.311312615008866 76 24 75
SIR 170 39.33396354130865 76 23 76
SIR 171 39.460094925415696 76 22 77
SIR 172 39.63564479081218 76 21 78
SIR 173 40.02577079539091 75 22 78
SIR 174 40.678887249881754 74 23 78
SIR 175 42.457807337193195 74 22 79
SIR 176 42.46755478972142 73 23 79
SIR 177 43.741812435916216 73 22 80
SIR 178 43.93553818766671 73 21 81
SIR 179 44.159641758359555 73 20 82
SIR 180 44.3532946773671 72 21 82
SIR 181 44.46616361988418 72 20 83
SIR 182 44.808520374028724 71 21 83
SIR 183 44.80879184568821 71 20 84
SIR 184 44.90609557187161 71 19 85
SIR 185 45.017172748663214 71 18 86
SIR 186 45.682565074022015 71 17 87
SIR 187 45.827606171122085 70 18 87
SIR 188 46.78325216718629 70 17 88
SIR 189 47.34441068035219 70 16 89
SIR 190 47.65000280429769 70 15 90
SIR 191 47.82399643795177 70 14 91
SIR 192 47.99147036650224 69 15 91
SIR 193 48.1395117211141 69 14 92
SIR 194 48.44089852140707 68 15 92
SIR 195 48.49424759403112 67 16 92
SIR 196 48.51917102520727 67 15 93
SIR 197 49.30601441961865 67 14 94
SIR 198 49.82344983283425 66 15 94
SIR 199 49.97631758826311 65 16 94
SIR 200 50.06815052245377 65 15 95
SIR 201 50.135664094715324 64 16 95
SIR 202 50.192618851577 64 15 96
SIR 203 50.82146899784308 64 14 97
SIR 204 52.98908672170549 64 13 98
SIR 205 53.16930971574816 64 12 99
SIR 206 53.27394065329767 64 11 100
SIR 207 53.55656446073711 64 10 101
SIR 208 54.241166019036235 64 9 102
SIR 209 55.6855747101294 63 10 102
SIR 210 56.001068204283825 63 9 103
SIR 211 56.46149450827903 63 8 104
SIR 212 57.243979119262555 63 7 105
SIR 213 58.42316989377077 62 8 105
SIR 214 59.72513144574055 62 7 106
SIR 215 62.202007901820615 61 8 106
SIR 216 63.666992505711015 60 9 106
SIR 217 64.23871506527132 60 8 107
SIR 218 64.24661085343527 59 9 107
SIR 219 65.89784741563946 59 8 108
SIR 220 66.56787250386962 59 7 109
SIR 221 66.69460650442825 58 8 109
SIR 222 69.04225830953096 58 7 110
SIR 223 69.28179054038348 58 6 111
SIR 224 69.83830208732942 57 7 111
SIR 225 70.59096050658705 57 6 112
SIR 226 70.82466842723754 57 5 113
SIR 227 80.0986826590779 57 4 114
SIR 228 80.9262115128092 57 3 115
SIR 229 81.18836479770522 56 4 115
SIR 230 81.70846436978056 56 3 116
SIR 231 84.01755132305907 55 4 116
SIR 232 84.99279712644841 55 3 117
SIR 233 86.80106095909785 54 4 117
SIR 234 88.92500774470871 54 3 118
SIR 235 92.38455059716247 54 2 119
SIR 236 96.37235047448937 54 1 120
SIR 237 104.19712593819096 53 2 120
SIR 238 105.16454495053699 53 1 121
SIR 239 116.11549436871702 53 0 122
