action step time popS popI popR
- 0 0.0 170 5 0
SIR 1 0.3865376678422543 169 6 0
SIR 2 1.27100861419653 168 7 0
SIR 3 1.9714970224385824 168 6 1
SIR 4 2.9896577693918807 167 7 1
SIR 5 3.609191753306466 166 8 1
SIR 6 3.651993160029834 165 9 1
SIR 7 4.05951841945087 164 10 1
SIR 8 4.2284798152007825 164 9 2
SIR 9 4.44811233576186 164 8 3
SIR 10 4.737504598158141 163 9 3
SIR 11 5.88181730678291 162 10 3
SIR 12 5.896046245917123 162 9 4
SIR 13 6.185398606606907 161 10 4
SIR 14 6.43215820429195 160 11 4
SIR 15 6.671706534434674 159 12 4
SIR 16 8.29483340222154 158 13 4
SIR 17 9.078737936728842 158 12 5
SIR 18 9.124400335644072 158 11 6
SIR 19 9.264290325726535 158 10 7
SIR 20 9.453779331734797 157 11 7
SIR 21 9.975503726007082 156 12 7
SIR 22 10.924178186766103 156 11 8
SIR 23 11.09164410049159 155 12 8
SIR 24 11.674394636937219 154 13 8
SIR 25 11.704759460775163 153 14 8
SIR 26 11.846047316783105 152 15 8
SIR 27 11.907062720689915 151 16 8
SIR 28 12.120226252824745 151 15 9
SIR 29 12.593864463965927 150 16 9
SIR 30 12.624264902433405 150 15 10
SIR 31 12.879828837550964 149 16 10
SIR 32 12.981605786775532 149 15 11
SIR 33 13.216270186725033 149 14 12
SIR 34 13.637690994640787 149 13 13
SIR 35 13.905189893379545 149 12 14
SIR 36 14.100793496243325 148 13 14
SIR 37 14.132611342579613 147 14 14
SIR 38 14.266560421456708 146 15 14
SIR 39 14.274390860824058 145 16 14
SIR 40 14.968798280743817 145 15 15
SIR 41 15.753382571934615 144 16 15
SIR 42 15.801419695939526 143 17 15
SIR 43 15.915725802378617 142 18 15
SIR 44 16.308735291615598 142 17 16
SIR 45 16.53380095245454 142 16 17
SIR 46 16.64768468637959 141 17 17
SIR 47 16.746359775156662 141 16 18
SIR 48 17.124336878271684 140 17 18
SIR 49 17.21758325373453 139 18 18
SIR 50 17.35533336820935 138 19 18
SIR 51 17.633964700960608 137 20 18
SIR 52 17.752465811549474 136 21 18
SIR 53 17.993708353934924 135 22 18
SIR 54 18.20628718861313 134 23 18
SIR 55 18.26557292543012 133 24 18
SIR 56 18.631185450075506 133 23 19
SIR 57 18.73824892073883 132 24 19
SIR 58 18.897184629728553 131 25 19
SIR 59 19.093177173302635 131 24 20
SIR 60 19.41615282611521 131 23 21
SIR 61 19.786517796040073 131 22 22
SIR 62 19.841893396982336 130 23 22
SIR 63 19.882735608730762 129 24 22
SIR 64 20.04724326666443 129 23 23
SIR 65 20.088670691383527 128 24 23
SIR 66 20.360920375008778 128 23 24
SIR 67 20.368472812214716 127 24 24
SIR 68 20.496202826906266 127 23 25
SIR 69 20.895285421078782 127 22 26
SIR 70 20.91003305910645 127 21 27
SIR 71 21.079453178970063 127 20 28
SIR 72 21.10167345012355 126 21 28
SIR 73 21.270649961141316 125 22 28
SIR 74 21.34329335451091 125 21 29
SIR 75 21.347601052829177 124 22 29
SIR 76 21.51156973325522 124 21 30
SIR 77 21.608144409350295 123 22 30
SIR 78 21.639218295727666 122 23 30
SIR 79 22.28025664894232 121 24 30
SIR 80 22.37180661198902 120 25 30
SIR 81 22.568256086933825 120 24 31
SIR 82 22.70635462019547 119 25 31
SIR 83 23.298745033758312 119 24 32
SIR 84 23.328906211056893 118 25 32
SIR 85 24.014852340783783 118 24 33
SIR 86 24.204754769838125 117 25 33
SIR 87 24.205588390678386 116 26 33
SIR 88 24.23537478545381 116 25 34
SIR 89 24.28238590446493 115 26 34
SIR 90 24.715441139846938 115 25 35
SIR 91 25.089108745080974 115 24 36
SIR 92 25.154962794458896 114 25 36
SIR 93 25.340968626410493 113 26 36
SIR 94 25.47181606936949 112 27 36
SIR 95 25.612888403941557 112 26 37
SIR 96 25.672435296797502 111 27 37
SIR 97 25.862757204036207 111 26 38
SIR 98 26.108065507299443 110 27 38
SIR 99 26.270106176837675 110 26 39
SIR 100 26.340016394315594 110 25 40
SIR 101 26.35098736116992 109 26 40
SIR 102 26.495908611465246 108 27 40
SIR 103 26.779410953237655 108 26 41
SIR 104 27.072113783423376 107 27 41
SIR 105 27.37919609072861 106 28 41
SIR 106 27.57822983579032 106 27 42
SIR 107 27.615543843841717 105 28 42
SIR 108 28.012756243338043 104 29 42
SIR 109 28.112803254297646 103 30 42
SIR 110 28.365655026706087 102 31 42
SIR 111 28.48580210815905 102 30 43
SIR 112 28.779194306980884 102 29 44
SIR 113 28.80232968721721 101 30 44
SIR 114 28.856030883814107 100 31 44
SIR 115 29.229432546219467 100 30 45
SIR 116 29.43197010457388 100 29 46
SIR 117 29.91160511863204 99 30 46
SIR 118 29.976685523719787 98 31 46
SIR 119 30.369125187949344 97 32 46
SIR 120 30.566843058752237 96 33 46
SIR 121 30.748005026624657 96 32 47
SIR 122 30.959179602761377 95 33 47
SIR 123 31.026874162897855 95 32 48
SIR 124 31.067715270524683 95 31 49
SIR 125 31.076440390353973 95 30 50
SIR 126 31.13802820305288 95 29 51
SIR 127 31.165044745554457 95 28 52
SIR 128 31.234738417762724 95 27 53
SIR 129 31.277179874020508 95 26 54
SIR 130 31.298132164032555 95 25 55
SIR 131 31.375654592665494 95 24 56
SIR 132 31.474238565287664 94 25 56
SIR 133 31.97759784132964 94 24 57
SIR 134 32.26957980071859 93 25 57
SIR 135 32.687963122302214 93 24 58
SIR 136 32.695973874104716 93 23 59
SIR 137 32.72288889701893 92 24 59
SIR 138 33.10264583003061 92 23 60
SIR 139 33.14681423627479 91 24 60
SIR 140 33.33227625743332 91 23 61
SIR 141 33.34849344133516 91 22 62
SIR 142 33.48280230087336 91 21 63
SIR 143 34.04161621933829 91 20 64
SIR 144 34.0724842473175 91 19 65
SIR 145 34.216402506451274 90 20 65
SIR 146 34.628083173032415 90 19 66
SIR 147 34.794328728995964 89 20 66
SIR 148 35.42491170622696 89 19 67
SIR 149 35.56522463383071 88 20 67
SIR 150 36.403366051396596 87 21 67
SIR 151 36.49856742650235 86 22 67
SIR 152 36.7786879341741 86 21 68
SIR 153 36.95825368898266 86 20 69
SIR 154 37.64192281042059 85 21 69
SIR 155 38.10650981500327 84 22 69
SIR 156 38.61686278661602 83 23 69
SIR 157 38.93759144481576 82 24 69
SIR 158 38.99218891404313 82 23 70
SIR 159 39.02807901196966 82 22 71
SIR 160 39.25750113420257 82 21 72
SIR 161 39.32043561182206 82 20 73
SIR 162 39.7793856692294 81 21 73
SIR 163 39.89944821031656 80 22 73
SIR 164 40.0075480124984 80 21 74
SIR 165 40.77677125734662 80 20 75
SIR 166 40.84672007342296 80 19 76
SIR 167 41.564777322519554 79 20 76
SIR 168 42.87355077861364 79 19 77
SIR 169 42.962086800052866 79 18 78
SIR 170 43.70581852611835 79 17 79
SIR 171 43.73671648631398 79 16 80
SIR 172 44.06833752656263 78 17 80
SIR 173 44.11283270379951 77 18 80
SIR 174 44.2102681512943 77 17 81
SIR 175 44.25934602932314 77 16 82
SIR 176 44.33519924753043 76 17 82
SIR 177 44.66946445510902 75 18 82
SIR 178 45.780353191731365 74 19 82
SIR 179 46.61903098420958 73 20 82
SIR 180 46.81712089488049 72 21 82
SIR 181 46.90655430806835 72 20 83
SIR 182 46.912373017280004 72 19 84
SIR 183 47.02292250062911 72 18 85
SIR 184 47.189653731566366 72 17 86
SIR 185 47.269936423378624 72 16 87
SIR 186 47.835490974699105 72 15 88
SIR 187 47.8735820798109 71 16 88
SIR 188 47.999593344458084 70 17 88
SIR 189 48.29238549894386 69 18 88
SIR 190 48.58538393596867 69 17 89
SIR 191 48.98548011506848 69 16 90
SIR 192 49.31007582494571 69 15 91
SIR 193 49.92664333620323 68 16 91
SIR 194 50.79422757834756 67 17 91
SIR 195 50.99350608384238 66 18 91
SIR 196 51.62604286963277 66 17 92
SIR 197 51.98664634763273 65 18 92
SIR 198 52.15072827674532 64 19 92
SIR 199 52.16678524412391 63 20 92
SIR 200 52.205572080512965 62 21 92
SIR 201 52.21233548201635 61 22 92
SIR 202 52.992177415895064 60 23 92
SIR 203 53.10773935756312 60 22 93
SIR 204 53.23444792324681 59 23 93
SIR 205 53.48056403513113 58 24 93
SIR 206 53.94372932661542 58 23 94
SIR 207 53.984621614721526 58 22 95
SIR 208 54.276320073003994 58 21 96
SIR 209 54.31738108466729 58 20 97
SIR 210 54.42208572532986 57 21 97
SIR 211 54.695830482830125 56 22 97
SIR 212 55.199417342785864 56 21 98
SIR 213 55.91134493088935 56 20 99
SIR 214 57.542167367624415 56 19 100
SIR 215 57.98514885977508 56 18 101
SIR 216 59.12873620179826 56 17 102
SIR 217 59.21724014220116 56 16 103
SIR 218 59.932310184919636 56 15 104
SIR 219 60.283100013714815 55 16 104
SIR 220 60.4269548674436 54 17 104
SIR 221 60.55404521613113 53 18 104
SIR 222 60.90394971111448 53 17 105
SIR 223 61.35084871992457 52 18 105
SIR 224 62.676886205010724 52 17 106
SIR 225 62.71678961368693 52 16 107
SIR 226 62.929233335141255 51 17 107
SIR 227 63.29832568752893 51 16 108
SIR 228 63.78345099423347 51 15 109
SIR 229 64.07462608636583 50 16 109
SIR 230 64.40859443542385 49 17 109
SIR 231 64.94933736535867 49 16 110
SIR 232 66.46280204524932 49 15 111
SIR 233 66.65955086608089 48 16 111
SIR 234 66.75624055236713 48 15 112
SIR 235 67.09065807584206 48 14 113
SIR 236 67.12381622159982 47 15 113
SIR 237 67.1481674801335 46 16 113
SIR 238 67.22938536702847 45 17 113
SIR 239 67.3601244938638 44 18 113
SIR 240 67.88179618503965 44 17 114
SIR 241 68.74841473677688 44 16 115
SIR 242 68.93025797679566 44 15 116
SIR 243 68.99100894061462 44 14 117
SIR 244 68.99786633020582 43 15 117
SIR 245 69.02987239402182 43 14 118
SIR 246 69.46951863845818 43 13 119
SIR 247 70.04225469517532 43 12 120
SIR 248 70.43325599674458 43 11 121
SIR 249 70.4403245754915 42 12 121
SIR 250 70.6973739246238 41 13 121
SIR 251 72.24590373292142 41 12 122
SIR 252 74.00755895146611 40 13 122
SIR 253 74.51890966140107 40 12 123
SIR 254 74.87710279226626 40 11 124
SIR 255 74.99405805759359 39 12 124
SIR 256 75.24678600780939 39 11 125
SIR 257 75.63112045597042 38 12 125
SIR 258 75.66079369217508 38 11 126
SIR 259 76.1202479382154 38 10 127
SIR 260 76.72321563573146 38 9 128
SIR 261 77.53008796509175 37 10 128
SIR 262 77.6515283532788 37 9 129
SIR 263 78.11457990080605 37 8 130
SIR 264 78.1947523900361 36 9 130
SIR 265 78.63575953003321 35 10 130
SIR 266 79.13390245144252 34 11 130
SIR 267 79.47355519562335 34 10 131
SIR 268 79.57470170008314 34 9 132
SIR 269 79.74148830215488 34 8 133
SIR 270 81.42857948036115 34 7 134
SIR 271 81.7854822686708 33 8 134
SIR 272 81.87239384070077 33 7 135
SIR 273 82.40069608622764 33 6 136
SIR 274 83.57276878309797 33 5 137
SIR 275 83.93709891642405 33 4 138
SIR 276 87.09158850714053 33 3 139
SIR 277 89.39790063360189 33 2 140
SIR 278 90.05815444767485 33 1 141
SIR 279 92.67257864576963 33 0 142
