action step time popS popI popR
- 0 0.0 195 5 0
SIR 1 0.23848738356566487 195 4 1
SIR 2 0.49514802739321484 194 5 1
SIR 3 1.1308631582567754 193 6 1
SIR 4 1.4194243494243401 192 7 1
SIR 5 1.6063755603830585 191 8 1
SIR 6 1.7322238055384256 190 9 1
SIR 7 2.379407048392472 190 8 2
SIR 8 3.095789715504634 189 9 2
SIR 9 3.6257967292925377 188 10 2
SIR 10 4.656378736539034 188 9 3
SIR 11 4.859803457628085 188 8 4
SIR 12 4.889458836719515 187 9 4
SIR 13 5.367579654948344 186 10 4
SIR 14 5.8924562095651805 186 9 5
SIR 15 6.03545851511209 185 10 5
SIR 16 6.048446677054627 185 9 6
SIR 17 6.055009881746463 184 10 6
SIR 18 6.060070701437479 183 11 6
SIR 19 6.2414608038476675 182 12 6
SIR 20 6.274153892357676 181 13 6
SIR 21 6.3859174493723625 181 12 7
SIR 22 6.739708975597669 180 13 7
SIR 23 6.783928344869294 180 12 8
SIR 24 7.201685564100035 180 11 9
SIR 25 7.506035475014622 179 12 9
SIR 26 8.242356930445217 178 13 9
SIR 27 8.409379366209905 178 12 10
SIR 28 9.075127378800776 177 13 10
SIR 29 9.075188001300962 177 12 11
SIR 30 9.341801113450972 177 11 12
SIR 31 9.390878182583235 176 12 12
SIR 32 10.04470759421998 175 13 12
SIR 33 10.046222584322093 174 14 12
SIR 34 10.567658029391238 174 13 13
SIR 35 11.04875189900974 173 14 13
SIR 36 11.173713424292275 173 13 14
SIR 37 11.477758258129706 172 14 14
SIR 38 11.911552436296738 171 15 14
SIR 39 12.19008990738332 170 16 14
SIR 40 12.618804645463692 169 17 14
SIR 41 12.623958705044178 169 16 15
SIR 42 12.903204735122912 168 17 15
SIR 43 12.972685236042214 168 16 16
SIR 44 13.175026517005456 167 17 16
SIR 45 13.26028536168023 166 18 16
SIR 46 13.629528959420892 165 19 16
SIR 47 13.838874693059322 164 20 16
SIR 48 14.10805689078526 164 19 17
SIR 49 14.248624409828807 163 20 17
SIR 50 15.008646625561546 163 19 18
SIR 51 15.351130479077165 163 18 19
SIR 52 15.43322287186336 162 19 19
SIR 53 15.557602045177731 162 18 20
SIR 54 15.830068719647635 161 19 20
SIR 55 15.8594201238662 160 20 20
SIR 56 16.226064732321962 160 19 21
SIR 57 16.39426970286643 160 18 22
SIR 58 16.419758462673418 159 19 22
SIR 59 16.48409164884581 159 18 23
SIR 60 16.633507996998148 158 19 23
SIR 61 17.08351616281022 157 20 23
SIR 62 17.196743615786474 156 21 23
SIR 63 17.257812628875445 155 22 23
SIR 64 17.32461794202689 154 23 23
SIR 65 17.49880988709413 153 24 23
SIR 66 17.575818387889967 152 25 23
SIR 67 17.611681428954466 151 26 23
SIR 68 17.679302285011243 151 25 24
SIR 69 17.69436801989933 150 26 24
SIR 70 17.890297769997012 149 27 24
SIR 71 18.028679922161487 148 28 24
SIR 72 18.13075370571096 147 29 24
SIR 73 18.17539969728526 146 30 24
SIR 74 18.317278312314755 145 31 24
SIR 75 18.326476807134625 145 30 25
SIR 76 18.57398885563159 145 29 26
SIR 77 18.72903953048652 145 28 27
SIR 78 18.79795038250106 144 29 27
SIR 79 18.80312983270103 144 28 28
SIR 80 18.9704894459141 144 27 29
SIR 81 19.065972283106007 143 28 29
SIR 82 19.448000725063054 143 27 30
SIR 83 19.502478885868324 142 28 30
SIR 84 19.55751404870357 141 29 30
SIR 85 19.691947149044527 140 30 30
SIR 86 19.757705163555727 139 31 30
SIR 87 19.810144665677246 138 32 30
SIR 88 19.819232211416615 138 31 31
SIR 89 19.85400230472882 137 32 31
SIR 90 20.19569721807153 137 31 32
SIR 91 20.60653896854123 137 30 33
SIR 92 20.985718384067056 136 31 33
SIR 93 20.99942983414458 136 30 34
SIR 94 21.24680674060689 135 31 34
SIR 95 21.712222444183556 134 32 34
SIR 96 22.04740295197222 134 31 35
SIR 97 22.065434735857288 133 32 35
SIR 98 22.246568835606507 132 33 35
SIR 99 22.269466687465833 131 34 35
SIR 100 22.379238143693282 131 33 36
SIR 101 22.999996718980363 130 34 36
SIR 102 23.02531881792347 129 35 36
SIR 103 23.123639629217998 128 36 36
SIR 104 23.22569897286062 127 37 36
SIR 105 23.24657927786721 126 38 36
SIR 106 23.417382703760197 125 39 36
SIR 107 23.540738153715328 124 40 36
SIR 108 23.57830091993768 123 41 36
SIR 109 23.64813288016605 122 42 36
SIR 110 23.68892547765786 121 43 36
SIR 111 23.70437216322624 120 44 36
SIR 112 23.841470950403938 120 43 37
SIR 113 24.015119070248556 120 42 38
SIR 114 24.072186593797763 120 41 39
SIR 115 24.26425356272856 119 42 39
SIR 116 24.393348342537145 118 43 39
SIR 117 24.762022535339 118 42 40
SIR 118 24.775466678146785 118 41 41
SIR 119 24.846845851999237 117 42 41
SIR 120 24.893084619484764 116 43 41
SIR 121 25.060963497632347 116 42 42
SIR 122 25.21116215112628 115 43 42
SIR 123 25.23213308878812 114 44 42
SIR 124 25.27735306906264 113 45 42
SIR 125 25.303516805513787 112 46 42
SIR 126 25.341593654731007 111 47 42
SIR 127 25.387433900182234 110 48 42
SIR 128 25.44266855215872 109 49 42
SIR 129 25.672948396087932 109 48 43
SIR 130 25.730387812278874 108 49 43
SIR 131 25.758158066896375 107 50 43
SIR 132 25.85189173788756 107 49 44
SIR 133 25.952146584808602 106 50 44
SIR 134 26.01210204229865 106 49 45
SIR 135 26.095228166101798 106 48 46
SIR 136 26.459490378704338 106 47 47
SIR 137 26.46755341276511 105 48 47
SIR 138 26.51506655580341 104 49 47
SIR 139 26.74791865082039 103 50 47
SIR 140 26.758387708109932 103 49 48
SIR 141 26.876604690246957 103 48 49
SIR 142 26.882720023551702 102 49 49
SIR 143 27.0395189299817 102 48 50
SIR 144 27.319682059828345 101 49 50
SIR 145 27.326514381301614 100 50 50
SIR 146 27.922316831137532 99 51 50
SIR 147 28.161378721380135 99 50 51
SIR 148 28.241983277390634 98 51 51
SIR 149 28.272311021490776 98 50 52
SIR 150 28.379355736270256 98 49 53
SIR 151 28.524860294421874 97 50 53
SIR 152 28.6086671616506 96 51 53
SIR 153 28.872638459079113 95 52 53
SIR 154 28.89041774296332 95 51 54
SIR 155 28.914455325608113 95 50 55
SIR 156 29.006211637955847 95 49 56
SIR 157 29.154177744946534 95 48 57
SIR 158 29.42069785246807 94 49 57
SIR 159 29.498519859996314 94 48 58
SIR 160 29.705539270962305 93 49 58
SIR 161 29.758743125455695 93 48 59
SIR 162 29.792724673391362 93 47 60
SIR 163 29.801982342093385 93 46 61
SIR 164 29.94332734149124 92 47 61
SIR 165 30.04092256906163 91 48 61
SIR 166 30.367564923272194 90 49 61
SIR 167 30.560093248619943 90 48 62
SIR 168 30.607716271541584 89 49 62
SIR 169 30.633672861679806 88 50 62
SIR 170 30.79119434242902 87 51 62
SIR 171 30.951699097752655 87 50 63
SIR 172 30.952487222660274 87 49 64
SIR 173 30.99808887790125 86 50 64
SIR 174 31.080141341381424 86 49 65
SIR 175 31.137271359666865 86 48 66
SIR 176 31.311252556676475 86 47 67
SIR 177 31.412358506346877 85 48 67
SIR 178 31.439052606314156 84 49 67
SIR 179 31.762183690964875 84 48 68
SIR 180 31.795605774713774 83 49 68
SIR 181 31.843954338496236 83 48 69
SIR 182 31.871251624838575 82 49 69
SIR 183 31.906440269664987 81 50 69
SIR 184 31.93010092394774 81 49 70
SIR 185 31.97454853560821 81 48 71
SIR 186 31.985026897029595 81 47 72
SIR 187 32.161812304472846 80 48 72
SIR 188 32.20285511794721 80 47 73
SIR 189 32.60493054298158 79 48 73
SIR 190 32.652116167963975 78 49 73
SIR 191 32.78498546921625 78 48 74
SIR 192 32.92455441243838 78 47 75
SIR 193 32.93333477587904 78 46 76
SIR 194 33.15809350361109 78 45 77
SIR 195 33.38584180544436 78 44 78
SIR 196 33.467161376586006 77 45 78
SIR 197 33.468811769835526 76 46 78
SIR 198 33.579735971342494 76 45 79
SIR 199 33.66514522777158 76 44 80
SIR 200 33.79891311773783 75 45 80
SIR 201 34.01676227368761 74 46 80
SIR 202 34.157441753766605 74 45 81
SIR 203 34.28737522913318 74 44 82
SIR 204 34.349784431857096 74 43 83
SIR 205 34.5105241597731 74 42 84
SIR 206 34.56909967539582 74 41 85
SIR 207 34.60771223206471 73 42 85
SIR 208 35.321692460683636 72 43 85
SIR 209 35.50630705416428 72 42 86
SIR 210 35.55857498442903 72 41 87
SIR 211 35.757054619281554 71 42 87
SIR 212 35.80977524167554 71 41 88
SIR 213 35.948241457219915 71 40 89
SIR 214 35.97928699212134 71 39 90
SIR 215 35.99859017788437 70 40 90
SIR 216 36.09408946954374 70 39 91
SIR 217 36.11535765800029 69 40 91
SIR 218 36.45416696087149 69 39 92
SIR 219 36.555007884122666 69 38 93
SIR 220 36.6053226961674 69 37 94
SIR 221 36.67380866635791 69 36 95
SIR 222 36.771677368808575 69 35 96
SIR 223 36.995024813823036 69 34 97
SIR 224 37.220753293158346 68 35 97
SIR 225 37.327477571871064 67 36 97
SIR 226 37.38797098329715 67 35 98
SIR 227 37.54967041173157 67 34 99
SIR 228 37.55945628180487 66 35 99
SIR 229 37.731124115995605 66 34 100
SIR 230 37.8538443629238 65 35 100
SIR 231 37.9236672180223 64 36 100
SIR 232 38.19722234402382 63 37 100
SIR 233 38.26883421514197 63 36 101
SIR 234 38.32690306853643 62 37 101
SIR 235 38.4219939949824 61 38 101
SIR 236 38.486935447418745 60 39 101
SIR 237 38.61210407117939 60 38 102
SIR 238 38.79465967888108 60 37 103
SIR 239 38.81857711175166 60 36 104
SIR 240 38.88120515011046 60 35 105
SIR 241 38.99074527868639 60 34 106
SIR 242 39.29285246704968 60 33 107
SIR 243 39.79754758873139 60 32 108
SIR 244 40.15232214591494 60 31 109
SIR 245 40.25317431813419 59 32 109
SIR 246 40.507914428397896 58 33 109
SIR 247 40.72417719973158 57 34 109
SIR 248 41.17177038210711 57 33 110
SIR 249 41.210779190846324 57 32 111
SIR 250 41.24926817258293 57 31 112
SIR 251 41.47603368436613 57 30 113
SIR 252 41.694032948262134 56 31 113
SIR 253 41.863161963219675 56 30 114
SIR 254 42.32097137050989 55 31 114
SIR 255 42.33723290989611 55 30 115
SIR 256 42.380358745363026 54 31 115
SIR 257 43.005641152093986 54 30 116
SIR 258 43.07821580492427 54 29 117
SIR 259 43.263416789889135 53 30 117
SIR 260 43.33099276527829 52 31 117
SIR 261 43.35358110239454 52 30 118
SIR 262 43.653631670382254 52 29 119
SIR 263 43.673833696436304 51 30 119
SIR 264 44.21189165606056 51 29 120
SIR 265 44.24475336022376 50 30 120
SIR 266 44.635392590659194 50 29 121
SIR 267 44.727605625058395 50 28 122
SIR 268 45.044682748136594 50 27 123
SIR 269 45.24633256215984 50 26 124
SIR 270 45.26192512914805 50 25 125
SIR 271 45.418397911974765 49 26 125
SIR 272 45.419712008524705 49 25 126
SIR 273 45.52916460628131 48 26 126
SIR 274 45.983898144033446 48 25 127
SIR 275 46.53059363862352 48 24 128
SIR 276 46.72843735990215 48 23 129
SIR 277 46.872574332386876 48 22 130
SIR 278 47.018760220170634 48 21 131
SIR 279 47.16195615968478 48 20 132
SIR 280 47.25289364927794 48 19 133
SIR 281 47.5442223297182 48 18 134
SIR 282 49.394374940855116 48 17 135
SIR 283 49.58119621897953 48 16 136
SIR 284 50.31972125276376 47 17 136
SIR 285 50.75924812282701 47 16 137
SIR 286 50.87343946841967 47 15 138
SIR 287 51.480127485384976 47 14 139
SIR 288 51.75269175324034 47 13 140
SIR 289 52.99386773847116 47 12 141
SIR 290 53.785905197790775 47 11 142
SIR 291 54.45217042606129 46 12 142
SIR 292 54.63443769228484 45 13 142
SIR 293 54.728597448942715 44 14 142
SIR 294 54.91673179511611 44 13 143
SIR 295 55.41006887249234 43 14 143
SIR 296 55.42971858907649 43 13 144
SIR 297 55.632571892878765 42 14 144
SIR 298 56.71267864231518 42 13 145
SIR 299 56.860456889778376 42 12 146
SIR 300 56.930103081835426 42 11 147
SIR 301 57.03643786358321 42 10 148
SIR 302 57.647875161754385 42 9 149
SIR 303 58.102892756189746 42 8 150
SIR 304 58.49116705810016 42 7 151
SIR 305 59.030320515978296 41 8 151
SIR 306 60.43975493647248 41 7 152
SIR 307 61.18816274310005 41 6 153
SIR 308 61.45678389652223 41 5 154
SIR 309 62.272340051957855 41 4 155
SIR 310 63.97856444036739 40 5 155
SIR 311 64.54045726264371 40 4 156
SIR 312 67.18142692999771 40 3 157
SIR 313 67.48833245204182 40 2 158
SIR 314 67.99840237022319 40 1 159
SIR 315 68.73897422229945 40 0 160
