action step time popS popI popR
- 0 0.0 195 5 0
SIR 1 0.09794510003638825 194 6 0
SIR 2 0.39615656034503777 193 7 0
SIR 3 0.4250574238524685 193 6 1
SIR 4 0.9607525304339347 192 7 1
SIR 5 1.3608057301701555 191 8 1
SIR 6 1.3859375646867573 190 9 1
SIR 7 1.548741779241344 190 8 2
SIR 8 1.6099310925175832 189 9 2
SIR 9 2.6804035320452773 188 10 2
SIR 10 2.710109115456681 188 9 3
SIR 11 2.8635147319994187 187 10 3
SIR 12 2.8834528115786986 187 9 4
SIR 13 2.900820976105331 186 10 4
SIR 14 3.187654701025615 185 11 4
SIR 15 3.2842510602134323 185 10 5
SIR 16 3.39254853103582 185 9 6
SIR 17 3.978259804223815 185 8 7
SIR 18 3.978603078811667 184 9 7
SIR 19 4.580146230046749 183 10 7
SIR 20 4.590745328115851 182 11 7
SIR 21 5.225360969813558 182 10 8
SIR 22 5.5248119936123326 182 9 9
SIR 23 5.8930997399477665 181 10 9
SIR 24 5.941893327675889 181 9 10
SIR 25 6.074031213507651 181 8 11
SIR 26 6.508652048594467 181 7 12
SIR 27 7.1166574456631 180 8 12
SIR 28 7.401560533092317 180 7 13
SIR 29 7.421121280451342 179 8 13
SIR 30 7.466898731595644 178 9 13
SIR 31 7.9304469146896865 177 10 13
SIR 32 7.95977322658829 176 11 13
SIR 33 8.523996503918474 176 10 14
SIR 34 8.535985529429123 175 11 14
SIR 35 8.638040278435952 174 12 14
SIR 36 8.866764892128836 173 13 14
SIR 37 9.489204326744835 172 14 14
SIR 38 9.906195558091458 171 15 14
SIR 39 10.380788934061282 170 16 14
SIR 40 10.420370612157358 169 17 14
SIR 41 11.007828530405009 168 18 14
SIR 42 11.260814647260803 168 17 15
SIR 43 11.480088442682582 168 16 16
SIR 44 11.673310694711853 167 17 16
SIR 45 11.70539019100165 167 16 17
SIR 46 11.738876166949831 166 17 17
SIR 47 11.780157680098997 166 16 18
SIR 48 11.894799110637141 165 17 18
SIR 49 12.405802346434166 165 16 19
SIR 50 12.743580865387786 165 15 20
SIR 51 13.361041388313065 164 16 20
SIR 52 13.658425523351443 163 17 20
SIR 53 14.517857108447698 162 18 20
SIR 54 14.887456375191569 161 19 20
SIR 55 15.604320711239689 161 18 21
SIR 56 15.83704396285197 161 17 22
SIR 57 16.121673798371035 160 18 22
SIR 58 16.26271835270045 159 19 22
SIR 59 16.353209493440115 158 20 22
SIR 60 16.693764455100762 158 19 23
SIR 61 16.85135590539119 157 20 23
SIR 62 16.987909373980838 156 21 23
SIR 63 17.720211013648516 156 20 24
SIR 64 17.88766261285393 155 21 24
SIR 65 17.898441615260214 155 20 25
SIR 66 18.173274484189964 155 19 26
SIR 67 18.38528475132657 154 20 26
SIR 68 18.552652387107493 153 21 26
SIR 69 18.80629807914474 153 20 27
SIR 70 19.040939943161206 152 21 27
SIR 71 19.146002546228836 152 20 28
SIR 72 19.184750403735244 151 21 28
SIR 73 19.399425739301996 151 20 29
SIR 74 19.636247803505896 151 19 30
SIR 75 19.679272068980005 150 20 30
SIR 76 19.811812428601925 150 19 31
SIR 77 19.988953859375485 149 20 31
SIR 78 20.009037091712315 148 21 31
SIR 79 20.048909804105023 147 22 31
SIR 80 20.06230427877619 147 21 32
SIR 81 20.07143708302611 146 22 32
SIR 82 20.37147644913397 145 23 32
SIR 83 20.593231258663124 145 22 33
SIR 84 21.152956820774538 144 23 33
SIR 85 21.467932254379914 144 22 34
SIR 86 21.83989168236009 143 23 34
SIR 87 21.86365902358535 142 24 34
SIR 88 21.9244517348507 141 25 34
SIR 89 22.0315414937967 141 24 35
SIR 90 22.19855605678014 141 23 36
SIR 91 22.327972661432508 141 22 37
SIR 92 22.35992873762855 140 23 37
SIR 93 22.66659151767781 139 24 37
SIR 94 23.17717155439143 138 25 37
SIR 95 23.206422295165247 137 26 37
SIR 96 23.571698161620287 137 25 38
SIR 97 23.599678425429072 137 24 39
SIR 98 23.79880237676484 137 23 40
SIR 99 23.854372218310086 136 24 40
SIR 100 23.902229158578642 135 25 40
SIR 101 23.99914078266056 134 26 40
SIR 102 24.284798704196543 134 25 41
SIR 103 24.308468350238737 134 24 42
SIR 104 24.388977441946526 133 25 42
SIR 105 24.445338205925786 133 24 43
SIR 106 24.488203308781717 133 23 44
SIR 107 24.833515483581845 132 24 44
SIR 108 24.9083663906098 132 23 45
SIR 109 25.051161884960365 131 24 45
SIR 110 25.121704592436966 131 23 46
SIR 111 25.188242853799157 130 24 46
SIR 112 25.468627935294442 130 23 47
SIR 113 25.50321273148627 130 22 48
SIR 114 25.66749902926742 129 23 48
SIR 115 25.84051915184476 128 24 48
SIR 116 25.883109412695248 128 23 49
SIR 117 26.062230934250007 127 24 49
SIR 118 26.139446581141733 127 23 50
SIR 119 26.34597151920574 126 24 50
SIR 120 26.399330659699476 126 23 51
SIR 121 26.560097185865004 126 22 52
SIR 122 26.59214549147197 125 23 52
SIR 123 26.6158599066376 125 22 53
SIR 124 26.687567979108977 125 21 54
SIR 125 27.033933185142526 124 22 54
SIR 126 27.261152395766903 124 21 55
SIR 127 27.273245978735172 123 22 55
SIR 128 27.43351013356886 122 23 55
SIR 129 28.001605234805975 121 24 55
SIR 130 28.006783081134227 120 25 55
SIR 131 28.169095780323573 120 24 56
SIR 132 28.522754677679405 120 23 57
SIR 133 28.60491133511358 119 24 57
SIR 134 28.688982250088458 119 23 58
SIR 135 28.720191704389173 118 24 58
SIR 136 28.8805987975904 118 23 59
SIR 137 29.16897743813556 117 24 59
SIR 138 29.344386355609622 116 25 59
SIR 139 29.34818311823282 116 24 60
SIR 140 29.608275766727917 116 23 61
SIR 141 29.66791954967609 116 22 62
SIR 142 30.09090898186142 116 21 63
SIR 143 30.13959411075962 115 22 63
SIR 144 30.553068108514545 115 21 64
SIR 145 30.578346425427757 114 22 64
SIR 146 30.67033743434086 114 21 65
SIR 147 31.107390303965047 114 20 66
SIR 148 31.434823747452068 113 21 66
SIR 149 31.697636567388557 113 20 67
SIR 150 31.710402305875025 113 19 68
SIR 151 32.02379978320057 113 18 69
SIR 152 32.29358225761486 112 19 69
SIR 153 32.683110964151126 111 20 69
SIR 154 32.74172727962963 111 19 70
SIR 155 32.78030252513193 111 18 71
SIR 156 33.21706291647166 110 19 71
SIR 157 33.340490634992676 109 20 71
SIR 158 33.36313265506921 109 19 72
SIR 159 33.388906360628226 109 18 73
SIR 160 34.24612474536397 108 19 73
SIR 161 34.44915523523435 107 20 73
SIR 162 34.49034403835127 106 21 73
SIR 163 34.719047167829466 106 20 74
SIR 164 35.564558896814766 105 21 74
SIR 165 35.92057525767631 104 22 74
SIR 166 35.99438208653894 104 21 75
SIR 167 36.810720882697936 103 22 75
SIR 168 36.83638547456037 102 23 75
SIR 169 36.866824383956605 101 24 75
SIR 170 36.99297028119237 100 25 75
SIR 171 37.340524359418694 99 26 75
SIR 172 37.579257176238194 99 25 76
SIR 173 37.594823386543304 99 24 77
SIR 174 37.84001275965588 98 25 77
SIR 175 37.984274011861345 97 26 77
SIR 176 38.03908497385659 97 25 78
SIR 177 38.09483833644617 97 24 79
SIR 178 38.22762067289403 96 25 79
SIR 179 38.23542923550863 95 26 79
SIR 180 38.52818622095609 94 27 79
SIR 181 38.58278527125564 93 28 79
SIR 182 38.65528612402973 93 27 80
SIR 183 38.71429409370796 92 28 80
SIR 184 39.26016520221905 92 27 81
SIR 185 39.287197475203264 92 26 82
SIR 186 39.36515753067219 91 27 82
SIR 187 39.5316217207633 91 26 83
SIR 188 39.54353195435863 90 27 83
SIR 189 39.739115283771426 89 28 83
SIR 190 39.86177583737589 88 29 83
SIR 191 39.994857600651294 88 28 84
SIR 192 40.17469464749197 88 27 85
SIR 193 40.292358038525876 88 26 86
SIR 194 40.39972327092903 87 27 86
SIR 195 40.528545116829356 86 28 86
SIR 196 40.8214252166819 85 29 86
SIR 197 40.921144637844584 84 30 86
SIR 198 41.01644050518444 84 29 87
SIR 199 41.121491489413415 84 28 88
SIR 200 41.25818629762239 84 27 89
SIR 201 41.297835616486076 83 28 89
SIR 202 41.353088607498115 83 27 90
SIR 203 41.37839057044716 83 26 91
SIR 204 41.437887939920714 83 25 92
SIR 205 41.57233139103323 83 24 93
SIR 206 42.021757268046905 82 25 93
SIR 207 42.51565411158819 81 26 93
SIR 208 42.71099161087083 81 25 94
SIR 209 42.79711441585537 80 26 94
SIR 210 42.90614753526197 80 25 95
SIR 211 42.94769103581831 79 26 95
SIR 212 42.94929928890275 79 25 96
SIR 213 43.008512783770875 79 24 97
SIR 214 43.46445090105842 79 23 98
SIR 215 43.75523576850335 78 24 98
SIR 216 43.783880273874175 77 25 98
SIR 217 43.79867243680305 77 24 99
SIR 218 44.170519145083844 76 25 99
SIR 219 44.54966590159171 75 26 99
SIR 220 44.78764494036824 75 25 100
SIR 221 44.798798067867324 75 24 101
SIR 222 45.05613285680995 74 25 101
SIR 223 45.29830089236913 74 24 102
SIR 224 45.343744546029285 74 23 103
SIR 225 45.66446497697122 74 22 104
SIR 226 45.744496482202756 74 21 105
SIR 227 47.09359249662576 73 22 105
SIR 228 47.09581606248864 73 21 106
SIR 229 47.19334295820153 73 20 107
SIR 230 47.26210426177062 73 19 108
SIR 231 47.42588847514202 72 20 108
SIR 232 47.577735464994774 72 19 109
SIR 233 47.77368225878848 72 18 110
SIR 234 47.807241902614024 72 17 111
SIR 235 47.972761412328104 72 16 112
SIR 236 48.178583409353955 72 15 113
SIR 237 48.7622182171301 72 14 114
SIR 238 48.8387249863173 72 13 115
SIR 239 48.920122574235904 71 14 115
SIR 240 49.810757157435745 71 13 116
SIR 241 49.814453426541235 70 14 116
SIR 242 49.877716128869466 70 13 117
SIR 243 49.93043529606922 70 12 118
SIR 244 50.3822722265029 69 13 118
SIR 245 50.605516929593094 69 12 119
SIR 246 50.60666117924023 69 11 120
SIR 247 51.440665875037446 69 10 121
SIR 248 52.130743334186555 69 9 122
SIR 249 52.41315102257693 68 10 122
SIR 250 52.6205597563208 67 11 122
SIR 251 54.627586346620795 66 12 122
SIR 252 55.52792135141016 65 13 122
SIR 253 55.58718235479864 65 12 123
SIR 254 56.67023483480318 65 11 124
SIR 255 57.252668690982745 65 10 125
SIR 256 58.215383219528896 65 9 126
SIR 257 58.574785334172994 65 8 127
SIR 258 58.91896117773747 64 9 127
SIR 259 59.300122764681795 64 8 128
SIR 260 59.70125181918056 64 7 129
SIR 261 61.01685544779051 64 6 130
SIR 262 62.42887808229007 63 7 130
SIR 263 63.32021394316908 62 8 130
SIR 264 64.15317109308003 62 7 131
SIR 265 64.53068998034813 62 6 132
SIR 266 64.55103846916944 61 7 132
SIR 267 65.18591957920859 61 6 133
SIR 268 68.05199779927949 61 5 134
SIR 269 69.11629194247129 61 4 135
SIR 270 69.24540326733347 61 3 136
SIR 271 69.9516923527351 61 2 137
SIR 272 70.37034447872465 61 1 138
SIR 273 71.76141160045732 61 0 139
