action step time popS popI popR
- 0 0.0 170 5 0
SIR 1 0.1853561811608253 170 4 1
SIR 2 1.0991267731606102 169 5 1
SIR 3 1.1166566058872545 168 6 1
SIR 4 1.3611127603474014 168 5 2
SIR 5 1.954770757747812 167 6 2
SIR 6 4.096989105485461 166 7 2
SIR 7 4.654754899278234 166 6 3
SIR 8 4.690371913516304 165 7 3
SIR 9 5.392464042766195 165 6 4
SIR 10 7.690899236831713 165 5 5
SIR 11 8.539511881229814 164 6 5
SIR 12 9.797068069770107 163 7 5
SIR 13 10.495526975886778 162 8 5
SIR 14 11.748573805193557 162 7 6
SIR 15 11.850646910211077 162 6 7
SIR 16 11.934717089259548 161 7 7
SIR 17 12.363188110075026 160 8 7
SIR 18 13.221599502557378 159 9 7
SIR 19 13.251247429778164 158 10 7
SIR 20 13.328577703905765 158 9 8
SIR 21 14.420810324310816 157 10 8
SIR 22 16.58871788168458 156 11 8
SIR 23 16.666840162153083 155 12 8
SIR 24 16.704537190852204 154 13 8
SIR 25 16.883078205920317 153 14 8
SIR 26 17.209354751949927 152 15 8
SIR 27 17.41368283391668 152 14 9
SIR 28 17.570210308141085 152 13 10
SIR 29 17.62730999159224 151 14 10
SIR 30 17.795649503207738 150 15 10
SIR 31 17.858635645722906 149 16 10
SIR 32 18.227904687044113 149 15 11
SIR 33 18.89243550656037 149 14 12
SIR 34 19.001848174998475 148 15 12
SIR 35 19.128808134372957 147 16 12
SIR 36 19.52011039151668 146 17 12
SIR 37 19.842106372461902 145 18 12
SIR 38 19.917328652883214 145 17 13
SIR 39 20.473867681308427 144 18 13
SIR 40 20.81128840409475 143 19 13
SIR 41 20.990414953262515 143 18 14
SIR 42 21.141847247186107 142 19 14
SIR 43 21.75131739716307 141 20 14
SIR 44 21.79116243365626 140 21 14
SIR 45 21.795916985702114 139 22 14
SIR 46 21.80046237931443 138 23 14
SIR 47 21.860398031902104 137 24 14
SIR 48 21.92220590347014 136 25 14
SIR 49 22.838960824384145 135 26 14
SIR 50 22.884625315053967 135 25 15
SIR 51 23.182091270141008 134 26 15
SIR 52 23.209829733783284 134 25 16
SIR 53 23.244963430834435 133 26 16
SIR 54 23.59877432551601 133 25 17
SIR 55 23.63040089720511 133 24 18
SIR 56 23.733652955780503 132 25 18
SIR 57 23.97495629525631 132 24 19
SIR 58 24.32348416956279 131 25 19
SIR 59 24.896422012247985 131 24 20
SIR 60 24.968336729304017 130 25 20
SIR 61 25.194280867546787 130 24 21
SIR 62 25.279362692745615 129 25 21
SIR 63 25.66806536622891 128 26 21
SIR 64 25.811379285054013 127 27 21
SIR 65 25.951150329273155 126 28 21
SIR 66 25.953777334462686 126 27 22
SIR 67 26.21133954949529 125 28 22
SIR 68 27.021432508733554 124 29 22
SIR 69 27.150401124695108 123 30 22
SIR 70 27.29705813638689 123 29 23
SIR 71 27.758000183008935 122 30 23
SIR 72 27.794280991988085 121 31 23
SIR 73 28.362841843360226 120 32 23
SIR 74 28.37213362181763 120 31 24
SIR 75 28.40292246950765 120 30 25
SIR 76 28.534020649081118 119 31 25
SIR 77 28.738796676153015 119 30 26
SIR 78 28.92825400819749 119 29 27
SIR 79 29.004893835926747 118 30 27
SIR 80 29.076816584857152 118 29 28
SIR 81 29.45514892600754 117 30 28
SIR 82 29.501836879574842 116 31 28
SIR 83 29.538036907344996 115 32 28
SIR 84 29.76715758914869 115 31 29
SIR 85 30.59678429653328 115 30 30
SIR 86 31.195497807440518 115 29 31
SIR 87 31.509373105611136 115 28 32
SIR 88 31.65114483191925 114 29 32
SIR 89 31.7362624418597 113 30 32
SIR 90 31.74654478548459 112 31 32
SIR 91 31.75057780753104 112 30 33
SIR 92 31.93810121504158 112 29 34
SIR 93 31.945114438010847 112 28 35
SIR 94 31.94968656509589 111 29 35
SIR 95 32.0068472775465 110 30 35
SIR 96 32.05028222915631 109 31 35
SIR 97 32.061926093117044 109 30 36
SIR 98 32.073184881951285 109 29 37
SIR 99 32.08433566452078 109 28 38
SIR 100 32.136170631139834 108 29 38
SIR 101 32.2171228258243 107 30 38
SIR 102 32.28150866031789 106 31 38
SIR 103 32.347582571243656 105 32 38
SIR 104 32.370075722965026 104 33 38
SIR 105 32.683691238569715 103 34 38
SIR 106 32.74296723598159 103 33 39
SIR 107 32.790203413662574 103 32 40
SIR 108 33.71863645276668 102 33 40
SIR 109 33.793060146722254 101 34 40
SIR 110 33.801191428454594 101 33 41
SIR 111 34.0127744418202 100 34 41
SIR 112 34.08552072407922 100 33 42
SIR 113 34.263158635145984 100 32 43
SIR 114 34.67730423793963 100 31 44
SIR 115 34.70077092242769 99 32 44
SIR 116 34.782614476829785 98 33 44
SIR 117 34.79505752829607 98 32 45
SIR 118 34.805039830815055 97 33 45
SIR 119 34.828015644467 96 34 45
SIR 120 34.834894557869006 96 33 46
SIR 121 34.87895084857305 95 34 46
SIR 122 34.978232931769334 94 35 46
SIR 123 35.11775062675498 94 34 47
SIR 124 35.20750181617028 94 33 48
SIR 125 36.04935371184989 94 32 49
SIR 126 36.04954437263173 94 31 50
SIR 127 36.2335148411582 94 30 51
SIR 128 36.298706205082375 93 31 51
SIR 129 36.40842394502445 93 30 52
SIR 130 36.64130708839902 92 31 52
SIR 131 36.723119783738746 91 32 52
SIR 132 36.97144855351477 90 33 52
SIR 133 37.02982400636351 89 34 52
SIR 134 37.06809695243129 88 35 52
SIR 135 37.098951415155774 88 34 53
SIR 136 37.34674533574741 88 33 54
SIR 137 37.67668793276741 88 32 55
SIR 138 37.873959746302326 87 33 55
SIR 139 38.38423698185794 87 32 56
SIR 140 38.459290653007756 86 33 56
SIR 141 38.736013582144565 85 34 56
SIR 142 38.755372979516686 84 35 56
SIR 143 38.94099310798256 83 36 56
SIR 144 39.10631217501898 83 35 57
SIR 145 39.212436641803535 83 34 58
SIR 146 39.383710950429155 83 33 59
SIR 147 39.3999053208054 82 34 59
SIR 148 39.42561745256739 81 35 59
SIR 149 39.50241798893573 81 34 60
SIR 150 39.52784903747925 81 33 61
SIR 151 39.536950728707346 80 34 61
SIR 152 39.6580336581439 79 35 61
SIR 153 39.718447726278036 79 34 62
SIR 154 39.82169494551962 79 33 63
SIR 155 40.063904737497246 78 34 63
SIR 156 40.296956644506984 77 35 63
SIR 157 40.63028782170787 77 34 64
SIR 158 40.645630094121834 77 33 65
SIR 159 40.65335114492525 77 32 66
SIR 160 40.77478217373795 77 31 67
SIR 161 41.0366008507051 76 32 67
SIR 162 41.55839075738205 75 33 67
SIR 163 41.76870100965156 75 32 68
SIR 164 41.983134594820335 74 33 68
SIR 165 42.04795470322699 74 32 69
SIR 166 42.078260625757686 73 33 69
SIR 167 42.09318978632311 73 32 70
SIR 168 42.309128523729775 73 31 71
SIR 169 42.3402019619745 73 30 72
SIR 170 42.42922266053715 73 29 73
SIR 171 43.26728527413044 72 30 73
SIR 172 43.30003346142172 71 31 73
SIR 173 43.855469354254744 71 30 74
SIR 174 43.89233123922934 71 29 75
SIR 175 43.912802600839896 71 28 76
SIR 176 43.99314828554625 70 29 76
SIR 177 44.04692279177706 70 28 77
SIR 178 45.29425356830033 70 27 78
SIR 179 45.41660443127669 70 26 79
SIR 180 45.56326921950657 69 27 79
SIR 181 45.63179470068442 69 26 80
SIR 182 45.86673316969811 68 27 80
SIR 183 46.060090238646 68 26 81
SIR 184 46.18040653741188 67 27 81
SIR 185 46.224062242287054 66 28 81
SIR 186 46.48140289911909 66 27 82
SIR 187 46.622928490368494 65 28 82
SIR 188 46.90027791534535 65 27 83
SIR 189 47.48267145341933 65 26 84
SIR 190 47.637513638804414 64 27 84
SIR 191 47.90276349828717 63 28 84
SIR 192 48.54990945588181 63 27 85
SIR 193 48.55048271717395 63 26 86
SIR 194 48.552768145761995 62 27 86
SIR 195 48.683598127663586 62 26 87
SIR 196 49.2433647388376 62 25 88
SIR 197 49.274747590211796 61 26 88
SIR 198 49.294166099349084 61 25 89
SIR 199 49.38275155149456 61 24 90
SIR 200 49.635232044875 60 25 90
SIR 201 49.719092422049044 60 24 91
SIR 202 49.91691665081623 60 23 92
SIR 203 50.372443322632314 59 24 92
SIR 204 50.99190670747299 59 23 93
SIR 205 51.2837357797307 58 24 93
SIR 206 51.591948749509285 58 23 94
SIR 207 51.78839916765062 58 22 95
SIR 208 52.1545155893651 58 21 96
SIR 209 52.20161328143438 58 20 97
SIR 210 52.3138282023179 58 19 98
SIR 211 52.98556000014753 57 20 98
SIR 212 53.30387042276121 57 19 99
SIR 213 53.368239592113035 57 18 100
SIR 214 53.82917865299063 57 17 101
SIR 215 53.90898401500207 57 16 102
SIR 216 54.02586275790186 57 15 103
SIR 217 54.04571126494461 57 14 104
SIR 218 55.030057052215184 56 15 104
SIR 219 56.44668342771746 55 16 104
SIR 220 56.76324524519483 54 17 104
SIR 221 57.01071174140357 54 16 105
SIR 222 57.336961630401476 54 15 106
SIR 223 58.22911121611085 53 16 106
SIR 224 58.2572327851612 53 15 107
SIR 225 58.96916513416424 52 16 107
SIR 226 59.56734680325761 51 17 107
SIR 227 59.69564870329106 51 16 108
SIR 228 59.87027765871103 50 17 108
SIR 229 60.71062992905914 50 16 109
SIR 230 60.77012834428867 50 15 110
SIR 231 61.111752853573385 50 14 111
SIR 232 61.36766874443085 49 15 111
SIR 233 61.89176647702597 48 16 111
SIR 234 62.50915582762549 48 15 112
SIR 235 62.639822669848556 47 16 112
SIR 236 62.666096832891085 47 15 113
SIR 237 65.03508870469003 46 16 113
SIR 238 65.13687650867836 46 15 114
SIR 239 65.49525602571707 46 14 115
SIR 240 65.59864658699045 45 15 115
SIR 241 65.8953784830002 45 14 116
SIR 242 66.0163225997342 45 13 117
SIR 243 66.83609332572682 45 12 118
SIR 244 67.93054411708499 45 11 119
SIR 245 68.58959494583007 45 10 120
SIR 246 69.48882847985634 45 9 121
SIR 247 70.00994594489994 45 8 122
SIR 248 73.21291051095292 44 9 122
SIR 249 73.27785295846958 43 10 122
SIR 250 74.28551412149938 43 9 123
SIR 251 74.7673473632833 42 10 123
SIR 252 75.44115865244538 41 11 123
SIR 253 75.8238956497308 40 12 123
SIR 254 76.78898064469192 39 13 123
SIR 255 77.03847711022541 39 12 124
SIR 256 79.36103904705595 39 11 125
SIR 257 79.4338577381512 38 12 125
SIR 258 79.81194397141888 38 11 126
SIR 259 80.12113644867522 37 12 126
SIR 260 80.15295593496742 36 13 126
SIR 261 80.18683280697728 36 12 127
SIR 262 80.35039881552844 35 13 127
SIR 263 82.34130314806181 35 12 128
SIR 264 82.42741723394688 35 11 129
SIR 265 82.64348962349763 34 12 129
SIR 266 82.98522753518 34 11 130
SIR 267 83.21378029922845 34 10 131
SIR 268 83.39592852684659 34 9 132
SIR 269 83.485430692341 34 8 133
SIR 270 83.94532185114976 34 7 134
SIR 271 84.6607800907687 33 8 134
SIR 272 85.53824409240181 33 7 135
SIR 273 85.90518381804122 33 6 136
SIR 274 86.62338314926642 33 5 137
SIR 275 86.65598560814426 33 4 138
SIR 276 86.70087696198809 33 3 139
SIR 277 88.6962913242002 33 2 140
SIR 278 90.89885428026238 33 1 141
SIR 279 97.55817086473226 32 2 141
SIR 280 103.37087530657509 32 1 142
SIR 281 105.64527258791527 32 0 143
