action step time popS popI popR
- 0 0.0 170 5 0
SIR 1 0.41120936687518406 169 6 0
SIR 2 0.8504033000331072 169 5 1
SIR 3 1.8321788039411742 168 6 1
SIR 4 2.8978964012939716 167 7 1
SIR 5 3.166161072822993 166 8 1
SIR 6 3.6200611648738183 165 9 1
SIR 7 3.6885488199671292 165 8 2
SIR 8 3.7204202759647584 165 7 3
SIR 9 4.100975239122294 165 6 4
SIR 10 4.304710131905051 164 7 4
SIR 11 4.570870254557293 163 8 4
SIR 12 4.615208456676261 162 9 4
SIR 13 5.031522710922984 162 8 5
SIR 14 5.085753613009157 161 9 5
SIR 15 5.376625006621465 160 10 5
SIR 16 5.491715547989298 160 9 6
SIR 17 5.530906165353494 159 10 6
SIR 18 5.634038559419294 158 11 6
SIR 19 5.841210515416762 157 12 6
SIR 20 6.181715995834618 156 13 6
SIR 21 6.261962362911894 155 14 6
SIR 22 6.511549345231701 154 15 6
SIR 23 6.737311318865558 154 14 7
SIR 24 7.0235312529394385 154 13 8
SIR 25 7.134482308936601 153 14 8
SIR 26 7.220483844122086 153 13 9
SIR 27 7.450255001810082 153 12 10
SIR 28 7.7749954858013 153 11 11
SIR 29 8.70688935219301 153 10 12
SIR 30 8.98391112598702 152 11 12
SIR 31 9.184976409193542 151 12 12
SIR 32 9.951163494738685 150 13 12
SIR 33 10.232503338724506 149 14 12
SIR 34 10.263205975630505 148 15 12
SIR 35 10.428910761020083 148 14 13
SIR 36 10.526840244966941 148 13 14
SIR 37 10.588353693727486 147 14 14
SIR 38 10.663584673954995 146 15 14
SIR 39 11.047853469876582 145 16 14
SIR 40 11.071514796285395 144 17 14
SIR 41 11.196454970810727 143 18 14
SIR 42 11.54912712990886 142 19 14
SIR 43 11.647849005785258 142 18 15
SIR 44 11.70079103581671 141 19 15
SIR 45 11.876269020680725 140 20 15
SIR 46 11.943705809277699 140 19 16
SIR 47 12.595774817193357 140 18 17
SIR 48 13.292165212805445 139 19 17
SIR 49 13.502833752504662 138 20 17
SIR 50 13.716182133115375 137 21 17
SIR 51 14.166264042438103 136 22 17
SIR 52 14.284096719994327 136 21 18
SIR 53 14.425048952368309 136 20 19
SIR 54 14.623726330147566 135 21 19
SIR 55 14.92327850455354 135 20 20
SIR 56 15.149064727641164 135 19 21
SIR 57 15.297775262768553 134 20 21
SIR 58 15.713320437029966 134 19 22
SIR 59 15.772423854733546 133 20 22
SIR 60 16.29147337869965 132 21 22
SIR 61 16.42770843923749 131 22 22
SIR 62 16.467382007663733 130 23 22
SIR 63 16.525150917736212 130 22 23
SIR 64 16.720698280399482 130 21 24
SIR 65 16.97910173010789 129 22 24
SIR 66 17.33942920968492 128 23 24
SIR 67 17.380766729049423 128 22 25
SIR 68 17.44643761643259 127 23 25
SIR 69 17.877665258838746 126 24 25
SIR 70 17.92006426850547 125 25 25
SIR 71 17.936954936643893 125 24 26
SIR 72 18.027796780466687 124 25 26
SIR 73 18.12883292962727 123 26 26
SIR 74 18.577222820226925 122 27 26
SIR 75 18.834773822499653 122 26 27
SIR 76 19.025896512954994 121 27 27
SIR 77 19.032960954926427 120 28 27
SIR 78 19.155291765974713 119 29 27
SIR 79 19.212109669583246 118 30 27
SIR 80 19.23736561416003 117 31 27
SIR 81 19.29269351132148 117 30 28
SIR 82 19.436816023748303 117 29 29
SIR 83 19.572159796957585 116 30 29
SIR 84 20.283411870864416 115 31 29
SIR 85 20.871994246234852 115 30 30
SIR 86 21.327566805371802 114 31 30
SIR 87 21.64265785704579 114 30 31
SIR 88 21.955546135909863 113 31 31
SIR 89 22.010847727074516 113 30 32
SIR 90 22.06111545629259 112 31 32
SIR 91 22.2526888177649 112 30 33
SIR 92 22.450331299626203 111 31 33
SIR 93 22.564671471315826 110 32 33
SIR 94 22.569041608395132 109 33 33
SIR 95 22.701415120035296 109 32 34
SIR 96 22.805099799013394 109 31 35
SIR 97 23.034294489395617 108 32 35
SIR 98 23.052073367372873 107 33 35
SIR 99 23.09521329890176 107 32 36
SIR 100 23.180028191134095 107 31 37
SIR 101 23.273896454963047 107 30 38
SIR 102 23.826250736556872 107 29 39
SIR 103 23.949746526741254 107 28 40
SIR 104 24.506389127045413 107 27 41
SIR 105 24.525437216365876 107 26 42
SIR 106 24.601537802316003 106 27 42
SIR 107 24.640142308707194 106 26 43
SIR 108 24.8304861790703 106 25 44
SIR 109 24.854258724266867 106 24 45
SIR 110 24.871411101225515 106 23 46
SIR 111 24.897551524741317 106 22 47
SIR 112 25.081058588888382 105 23 47
SIR 113 25.0891397145596 105 22 48
SIR 114 25.1284758813819 105 21 49
SIR 115 25.244268213921963 104 22 49
SIR 116 25.540066651701157 104 21 50
SIR 117 25.767862156353793 103 22 50
SIR 118 26.10008917950229 103 21 51
SIR 119 26.2373630216723 102 22 51
SIR 120 26.2527298218363 102 21 52
SIR 121 26.25806966726857 102 20 53
SIR 122 26.289002641765638 102 19 54
SIR 123 27.59158904331858 102 18 55
SIR 124 27.802035118141795 101 19 55
SIR 125 27.84794377675899 101 18 56
SIR 126 27.993679376758482 100 19 56
SIR 127 28.031095661535897 99 20 56
SIR 128 28.19720756664096 98 21 56
SIR 129 28.26113210230504 98 20 57
SIR 130 28.593058277466476 97 21 57
SIR 131 28.735285733081877 97 20 58
SIR 132 29.19256082775793 96 21 58
SIR 133 29.28808430242623 96 20 59
SIR 134 29.445880662202274 95 21 59
SIR 135 29.705659048565042 95 20 60
SIR 136 31.010943444346168 95 19 61
SIR 137 31.21982792147578 95 18 62
SIR 138 31.337526552632564 95 17 63
SIR 139 31.830817203829103 95 16 64
SIR 140 31.91511051253639 94 17 64
SIR 141 32.15310977884196 94 16 65
SIR 142 32.193925991433844 93 17 65
SIR 143 32.34233280506031 92 18 65
SIR 144 32.3546796536793 92 17 66
SIR 145 32.5352660516873 91 18 66
SIR 146 32.60202394210349 90 19 66
SIR 147 32.75716978328443 89 20 66
SIR 148 32.935260638163356 89 19 67
SIR 149 33.102824245092904 89 18 68
SIR 150 33.133893316544416 88 19 68
SIR 151 33.45493786544132 87 20 68
SIR 152 33.72333560005347 86 21 68
SIR 153 34.255507843117364 86 20 69
SIR 154 35.30543868152449 85 21 69
SIR 155 36.09566527860548 84 22 69
SIR 156 37.15081348725507 83 23 69
SIR 157 37.477262357778876 83 22 70
SIR 158 37.986602327491696 82 23 70
SIR 159 38.751880481151794 82 22 71
SIR 160 39.3933473773592 81 23 71
SIR 161 39.50669804415691 81 22 72
SIR 162 40.082064738341785 80 23 72
SIR 163 40.33197617695947 79 24 72
SIR 164 40.53945353552287 79 23 73
SIR 165 40.57037721548981 78 24 73
SIR 166 40.58594507351667 78 23 74
SIR 167 40.59705382630983 77 24 74
SIR 168 40.709039297284036 77 23 75
SIR 169 40.934569442811934 77 22 76
SIR 170 41.24006477842079 77 21 77
SIR 171 41.53081267464554 76 22 77
SIR 172 41.59947834093968 76 21 78
SIR 173 41.75330463760694 76 20 79
SIR 174 41.854758688932094 75 21 79
SIR 175 41.92980877578381 75 20 80
SIR 176 42.41284798209213 75 19 81
SIR 177 42.97147688946201 75 18 82
SIR 178 43.05422255210265 74 19 82
SIR 179 43.4281119632853 74 18 83
SIR 180 43.76467949155949 74 17 84
SIR 181 43.84612381144976 73 18 84
SIR 182 43.911462449792076 72 19 84
SIR 183 43.98480499656295 72 18 85
SIR 184 44.22566314454718 72 17 86
SIR 185 44.51092891161577 71 18 86
SIR 186 44.82519905387855 71 17 87
SIR 187 44.94874857814246 70 18 87
SIR 188 45.21924546171212 70 17 88
SIR 189 45.35843517365073 70 16 89
SIR 190 46.55959900345558 70 15 90
SIR 191 46.96774409601372 70 14 91
SIR 192 47.31520548705196 70 13 92
SIR 193 47.65719020266394 70 12 93
SIR 194 47.7413133862575 70 11 94
SIR 195 47.97766714606925 70 10 95
SIR 196 48.03200209831239 69 11 95
SIR 197 48.60172219670267 68 12 95
SIR 198 48.62579848091046 67 13 95
SIR 199 49.58343042739561 67 12 96
SIR 200 49.8865549210058 67 11 97
SIR 201 50.28390244856268 66 12 97
SIR 202 50.562736128515596 65 13 97
SIR 203 50.83150430469394 64 14 97
SIR 204 50.8684981529099 64 13 98
SIR 205 51.74769315461006 63 14 98
SIR 206 52.13754885522419 63 13 99
SIR 207 52.26473721485948 63 12 100
SIR 208 53.08177063417089 63 11 101
SIR 209 53.14508753809959 63 10 102
SIR 210 55.088267995108396 63 9 103
SIR 211 55.75685554412141 63 8 104
SIR 212 55.970664354069434 63 7 105
SIR 213 58.179368345277176 63 6 106
SIR 214 58.597535833474886 63 5 107
SIR 215 58.63790517620061 63 4 108
SIR 216 60.67307897243944 63 3 109
SIR 217 64.050807202964 63 2 110
SIR 218 65.50500200101285 62 3 110
SIR 219 65.74501536836081 61 4 110
SIR 220 65.919523862347 60 5 110
SIR 221 66.35899602202979 59 6 110
SIR 222 66.8570276240756 59 5 111
SIR 223 68.6156972943993 58 6 111
SIR 224 69.09236995294395 57 7 111
SIR 225 69.2326486694532 57 6 112
SIR 226 70.80798679006836 57 5 113
SIR 227 71.85118700672649 57 4 114
SIR 228 74.24381924511069 57 3 115
SIR 229 81.57074132707133 57 2 116
SIR 230 87.2981243959889 57 1 117
SIR 231 93.15646349697097 57 0 118
