action step time popS popI popR
- 0 0.0 195 5 0
SIR 1 0.17943635886316664 195 4 1
SIR 2 0.8595201408676977 194 5 1
SIR 3 1.7033167027913947 193 6 1
SIR 4 2.96889870973625 192 7 1
SIR 5 4.0827698938639605 192 6 2
SIR 6 4.302363944340723 191 7 2
SIR 7 4.416250845155082 191 6 3
SIR 8 4.484313709568011 191 5 4
SIR 9 6.760761735988245 191 4 5
SIR 10 7.361058374317269 190 5 5
SIR 11 7.448540046527379 190 4 6
SIR 12 8.530956513560685 189 5 6
SIR 13 8.665932290398846 188 6 6
SIR 14 10.905420799256916 187 7 6
SIR 15 11.005684598797526 186 8 6
SIR 16 11.311796856878438 186 7 7
SIR 17 11.734694589714593 185 8 7
SIR 18 11.793385947745048 185 7 8
SIR 19 11.79362830564936 185 6 9
SIR 20 12.696079656726376 184 7 9
SIR 21 12.98752431827721 183 8 9
SIR 22 13.148306595687982 182 9 9
SIR 23 13.207774967086928 181 10 9
SIR 24 13.92302267062335 180 11 9
SIR 25 13.991378194179607 179 12 9
SIR 26 14.366940754952271 178 13 9
SIR 27 14.883761770354218 177 14 9
SIR 28 16.58839920407174 177 13 10
SIR 29 17.30975154779931 176 14 10
SIR 30 17.762429947768705 175 15 10
SIR 31 17.87791313649046 174 16 10
SIR 32 18.175568135625813 173 17 10
SIR 33 18.310266019396213 172 18 10
SIR 34 18.637449086615575 172 17 11
SIR 35 18.64693507442371 172 16 12
SIR 36 18.67588655966365 171 17 12
SIR 37 18.872443901400754 170 18 12
SIR 38 18.941226608109243 169 19 12
SIR 39 18.973857787178982 168 20 12
SIR 40 19.7921290573081 167 21 12
SIR 41 19.85198500535335 166 22 12
SIR 42 20.18610077418692 165 23 12
SIR 43 20.4635279972323 164 24 12
SIR 44 20.846827846678334 163 25 12
SIR 45 20.874903036983973 162 26 12
SIR 46 21.009781217725802 162 25 13
SIR 47 21.019167328377105 162 24 14
SIR 48 21.03513115387509 162 23 15
SIR 49 21.54704115312014 161 24 15
SIR 50 21.826355360296287 160 25 15
SIR 51 21.894694766157006 159 26 15
SIR 52 22.203273598051254 158 27 15
SIR 53 22.50743507013411 157 28 15
SIR 54 22.871015357364975 157 27 16
SIR 55 22.941775292150602 156 28 16
SIR 56 23.134079090296293 155 29 16
SIR 57 23.336669880043416 155 28 17
SIR 58 23.39203995286366 154 29 17
SIR 59 23.545100264488763 154 28 18
SIR 60 23.993614215076448 153 29 18
SIR 61 24.20589930748985 152 30 18
SIR 62 24.483839807401854 151 31 18
SIR 63 24.720623914122964 150 32 18
SIR 64 24.78291389683303 149 33 18
SIR 65 24.879935747879035 149 32 19
SIR 66 24.991118268760964 148 33 19
SIR 67 24.998679747404122 148 32 20
SIR 68 25.611837325213013 147 33 20
SIR 69 25.715867751493438 147 32 21
SIR 70 25.726031961752533 146 33 21
SIR 71 25.770631212747894 146 32 22
SIR 72 25.800362792034196 146 31 23
SIR 73 25.811159077401303 146 30 24
SIR 74 26.005823111423688 145 31 24
SIR 75 26.12716126621161 145 30 25
SIR 76 26.564831285272422 145 29 26
SIR 77 26.668801533933095 145 28 27
SIR 78 26.723406927519356 144 29 27
SIR 79 26.779303550221044 144 28 28
SIR 80 26.794887968348142 144 27 29
SIR 81 26.840532747923984 143 28 29
SIR 82 26.913915297590382 142 29 29
SIR 83 27.367248678834805 141 30 29
SIR 84 27.43645050424054 140 31 29
SIR 85 27.514244325123283 139 32 29
SIR 86 27.69147353908871 138 33 29
SIR 87 28.26554747431819 137 34 29
SIR 88 28.754673305774705 136 35 29
SIR 89 28.77619922188272 135 36 29
SIR 90 28.95872941768085 135 35 30
SIR 91 29.121229822948866 134 36 30
SIR 92 29.150147127170147 134 35 31
SIR 93 29.62920529899096 133 36 31
SIR 94 29.687636063511555 132 37 31
SIR 95 29.9725102816166 132 36 32
SIR 96 30.063804944287266 131 37 32
SIR 97 30.12767190739486 130 38 32
SIR 98 30.475812189329133 130 37 33
SIR 99 30.493370033558488 130 36 34
SIR 100 31.034120894144078 129 37 34
SIR 101 31.049288469657363 128 38 34
SIR 102 31.457063020273527 127 39 34
SIR 103 31.709088037287074 126 40 34
SIR 104 32.086375227036285 125 41 34
SIR 105 32.154443941550134 124 42 34
SIR 106 32.20121442478081 123 43 34
SIR 107 32.34777582885225 122 44 34
SIR 108 32.39757059542624 122 43 35
SIR 109 32.58949981258063 121 44 35
SIR 110 32.5929257674498 120 45 35
SIR 111 32.650546485517765 119 46 35
SIR 112 32.81984129764121 118 47 35
SIR 113 32.85455330467937 118 46 36
SIR 114 32.926707353454056 117 47 36
SIR 115 33.00218226721088 116 48 36
SIR 116 33.12446745208492 115 49 36
SIR 117 33.48274574706416 114 50 36
SIR 118 33.50295599724346 113 51 36
SIR 119 33.564749128818455 113 50 37
SIR 120 33.663915935376814 112 51 37
SIR 121 33.700172474285026 112 50 38
SIR 122 33.73275472970445 112 49 39
SIR 123 33.90263151917031 111 50 39
SIR 124 33.94200122387798 111 49 40
SIR 125 34.043881071224426 110 50 40
SIR 126 34.07860754837762 110 49 41
SIR 127 34.10483980118096 110 48 42
SIR 128 34.1471007670048 110 47 43
SIR 129 34.275327207931866 110 46 44
SIR 130 34.42506010000448 109 47 44
SIR 131 35.01560570501253 108 48 44
SIR 132 35.039925522347794 107 49 44
SIR 133 35.078504316244285 106 50 44
SIR 134 35.224222692326215 105 51 44
SIR 135 35.22713226016922 105 50 45
SIR 136 35.28911595307843 104 51 45
SIR 137 35.31133339649237 103 52 45
SIR 138 35.427740529512754 102 53 45
SIR 139 35.50467145012438 102 52 46
SIR 140 35.61093924068945 102 51 47
SIR 141 35.69660178817905 101 52 47
SIR 142 35.70373085312058 100 53 47
SIR 143 36.29672219080919 100 52 48
SIR 144 36.350721456103365 100 51 49
SIR 145 36.545912201399965 99 52 49
SIR 146 36.56791744916563 99 51 50
SIR 147 36.67565635855051 99 50 51
SIR 148 36.7397239464986 98 51 51
SIR 149 36.830069751745434 98 50 52
SIR 150 36.85990895152329 98 49 53
SIR 151 36.90171937235414 97 50 53
SIR 152 36.92317392097493 97 49 54
SIR 153 37.043861363907304 96 50 54
SIR 154 37.15484242049742 96 49 55
SIR 155 37.162621587653625 96 48 56
SIR 156 37.29314426754236 96 47 57
SIR 157 37.32492926985513 95 48 57
SIR 158 37.4120050524053 94 49 57
SIR 159 37.587792380466055 93 50 57
SIR 160 37.59680177399698 93 49 58
SIR 161 37.76833840670617 93 48 59
SIR 162 37.85303022069058 93 47 60
SIR 163 38.00289130545623 93 46 61
SIR 164 38.26746126685748 93 45 62
SIR 165 38.27766497869913 93 44 63
SIR 166 38.65752844891027 93 43 64
SIR 167 38.806517006882174 93 42 65
SIR 168 39.059352931846625 93 41 66
SIR 169 39.06424175432291 92 42 66
SIR 170 39.08100699132448 91 43 66
SIR 171 39.12031913044986 91 42 67
SIR 172 39.129373506523464 90 43 67
SIR 173 39.24892812907572 90 42 68
SIR 174 39.25856688021457 90 41 69
SIR 175 39.43436836663517 89 42 69
SIR 176 39.46028217824596 88 43 69
SIR 177 39.945229163782045 88 42 70
SIR 178 40.06285530957914 88 41 71
SIR 179 40.13245545277971 88 40 72
SIR 180 40.27899979736349 88 39 73
SIR 181 40.28851263238461 88 38 74
SIR 182 40.35594611859918 87 39 74
SIR 183 40.38213259444994 87 38 75
SIR 184 40.472538263779334 86 39 75
SIR 185 40.59850527755111 85 40 75
SIR 186 40.738276941937215 85 39 76
SIR 187 40.78936106282275 84 40 76
SIR 188 41.09145522754773 83 41 76
SIR 189 41.56349968833157 83 40 77
SIR 190 41.63997015175682 82 41 77
SIR 191 41.722828707892575 82 40 78
SIR 192 41.93826257616737 82 39 79
SIR 193 41.9386694706673 81 40 79
SIR 194 41.99322295957524 81 39 80
SIR 195 42.13429894867167 80 40 80
SIR 196 42.41319103925363 80 39 81
SIR 197 42.806099876562335 80 38 82
SIR 198 43.27075716252574 80 37 83
SIR 199 43.30996973038319 79 38 83
SIR 200 43.403527137262365 78 39 83
SIR 201 44.0464393031854 78 38 84
SIR 202 44.10035824899608 78 37 85
SIR 203 44.31615822420794 78 36 86
SIR 204 44.34644282555742 77 37 86
SIR 205 44.36349370592544 76 38 86
SIR 206 44.436653681475285 76 37 87
SIR 207 44.883890122779576 76 36 88
SIR 208 44.92298441484635 76 35 89
SIR 209 44.9321536244275 75 36 89
SIR 210 44.95996056269769 75 35 90
SIR 211 45.00159330091141 74 36 90
SIR 212 45.19401878660745 74 35 91
SIR 213 45.398037769043654 73 36 91
SIR 214 45.520011030412505 72 37 91
SIR 215 45.67578082450883 72 36 92
SIR 216 45.750894710078036 71 37 92
SIR 217 46.160975569044965 70 38 92
SIR 218 46.30124426595261 69 39 92
SIR 219 46.30668396340241 69 38 93
SIR 220 46.33583435752596 68 39 93
SIR 221 46.48438779629134 68 38 94
SIR 222 46.603917013889365 68 37 95
SIR 223 46.61981975850929 67 38 95
SIR 224 46.69806944719005 66 39 95
SIR 225 46.8692265021701 65 40 95
SIR 226 47.00073447764347 65 39 96
SIR 227 47.071399399750376 65 38 97
SIR 228 47.237255834770764 64 39 97
SIR 229 47.34167637175852 64 38 98
SIR 230 47.3829657706804 64 37 99
SIR 231 47.52138195873756 64 36 100
SIR 232 47.55562573011235 64 35 101
SIR 233 47.65694756919604 64 34 102
SIR 234 47.905825131028 64 33 103
SIR 235 47.93188569247123 64 32 104
SIR 236 48.00223129735209 64 31 105
SIR 237 48.01325390781854 63 32 105
SIR 238 48.07361056352878 62 33 105
SIR 239 48.14283695089011 62 32 106
SIR 240 48.22439992522092 61 33 106
SIR 241 48.23331174664916 61 32 107
SIR 242 48.259891937044394 61 31 108
SIR 243 48.62411193880884 61 30 109
SIR 244 48.75586713302478 60 31 109
SIR 245 48.75812482222901 60 30 110
SIR 246 49.151426147597654 59 31 110
SIR 247 49.82631963889762 59 30 111
SIR 248 50.120665972592995 58 31 111
SIR 249 50.26124649702934 57 32 111
SIR 250 50.66306497241729 56 33 111
SIR 251 51.00195435802674 56 32 112
SIR 252 51.05514368400863 56 31 113
SIR 253 51.25729360722649 56 30 114
SIR 254 51.57407968553104 55 31 114
SIR 255 51.57694221892471 55 30 115
SIR 256 51.69154128995539 54 31 115
SIR 257 51.869008255587325 54 30 116
SIR 258 52.91188127592836 54 29 117
SIR 259 52.953475788079864 54 28 118
SIR 260 53.24970317204105 54 27 119
SIR 261 53.3961423164677 53 28 119
SIR 262 53.44957046121403 52 29 119
SIR 263 54.051296625252405 52 28 120
SIR 264 54.245569924994356 52 27 121
SIR 265 54.76085676062374 52 26 122
SIR 266 55.01177037707843 52 25 123
SIR 267 55.74340753231915 52 24 124
SIR 268 55.782909043951875 52 23 125
SIR 269 55.81417438456163 51 24 125
SIR 270 55.85202229968596 51 23 126
SIR 271 56.00934135193856 50 24 126
SIR 272 56.33971665452579 50 23 127
SIR 273 56.766459858097335 50 22 128
SIR 274 57.49629448308878 49 23 128
SIR 275 57.70648358584624 49 22 129
SIR 276 57.851669308473504 49 21 130
SIR 277 58.00723784033153 48 22 130
SIR 278 58.05932383083574 48 21 131
SIR 279 58.24295573692147 48 20 132
SIR 280 58.63103764041003 48 19 133
SIR 281 59.11571591505943 48 18 134
SIR 282 59.86020590367563 48 17 135
SIR 283 60.062000597956576 47 18 135
SIR 284 61.42195561689022 47 17 136
SIR 285 61.98093370524817 47 16 137
SIR 286 62.04116071208749 46 17 137
SIR 287 62.09483101232955 46 16 138
SIR 288 63.33753831594384 46 15 139
SIR 289 63.71561818885895 46 14 140
SIR 290 65.27721269798752 46 13 141
SIR 291 65.29351528200901 46 12 142
SIR 292 66.12198487180636 46 11 143
SIR 293 66.59932908382464 45 12 143
SIR 294 66.9711037612757 45 11 144
SIR 295 67.53155503978458 45 10 145
SIR 296 68.56296005574178 44 11 145
SIR 297 68.73082160156324 43 12 145
SIR 298 69.18923058430738 42 13 145
SIR 299 69.19402144072498 42 12 146
SIR 300 69.37040597480518 42 11 147
SIR 301 71.0185565563194 42 10 148
SIR 302 71.08682465262385 42 9 149
SIR 303 73.22175751328024 42 8 150
SIR 304 73.29685484049229 41 9 150
SIR 305 73.32329294450285 40 10 150
SIR 306 73.85245328835573 40 9 151
SIR 307 74.31420182017054 40 8 152
SIR 308 74.76015429431021 39 9 152
SIR 309 76.53267645303119 38 10 152
SIR 310 76.62986905624085 37 11 152
SIR 311 76.82667593212992 37 10 153
SIR 312 77.96632161366888 37 9 154
SIR 313 80.5183564211432 37 8 155
SIR 314 81.68498545336396 36 9 155
SIR 315 81.92882043808679 36 8 156
SIR 316 82.14269986721332 36 7 157
SIR 317 82.6785602302411 35 8 157
SIR 318 82.99930751369894 35 7 158
SIR 319 84.00163243818727 34 8 158
SIR 320 84.18544444102972 33 9 158
SIR 321 84.19505091366041 33 8 159
SIR 322 84.48567338079036 33 7 160
SIR 323 84.85520401121829 32 8 160
SIR 324 84.86193508172558 32 7 161
SIR 325 84.95346310656092 32 6 162
SIR 326 87.24271490117933 31 7 162
SIR 327 87.62248388364937 30 8 162
SIR 328 88.9172319405361 30 7 163
SIR 329 90.30672668473576 30 6 164
SIR 330 91.48719129394203 30 5 165
SIR 331 91.96300297546875 30 4 166
SIR 332 92.41605182864862 30 3 167
SIR 333 93.23758910020909 29 4 167
SIR 334 104.35128354726331 29 3 168
SIR 335 105.169098168507 29 2 169
SIR 336 108.70550259641801 29 1 170
SIR 337 119.84629291531151 29 0 171
