action step time popS popI popR
- 0 0.0 170 5 0
SIR 1 0.1105352796579608 169 6 0
SIR 2 0.4120633296443487 168 7 0
SIR 3 0.8483054036473394 168 6 1
SIR 4 1.8004724512103756 167 7 1
SIR 5 2.337640297108519 167 6 2
SIR 6 2.535717910928376 167 5 3
SIR 7 2.9568104025684243 166 6 3
SIR 8 3.147148867928575 165 7 3
SIR 9 3.1734682995836954 164 8 3
SIR 10 3.2216604494913743 164 7 4
SIR 11 3.2600226423680634 164 6 5
SIR 12 4.009246059312727 163 7 5
SIR 13 4.586408152865561 163 6 6
SIR 14 4.607342709026794 162 7 6
SIR 15 5.070820422324249 161 8 6
SIR 16 5.193757732867332 160 9 6
SIR 17 5.716151285553974 159 10 6
SIR 18 5.782113335569686 158 11 6
SIR 19 5.84700892600943 157 12 6
SIR 20 5.867146163733148 156 13 6
SIR 21 6.131606039057214 155 14 6
SIR 22 7.2555276546051255 154 15 6
SIR 23 7.7007819054871405 154 14 7
SIR 24 7.796257038079174 154 13 8
SIR 25 8.093764770266128 154 12 9
SIR 26 8.287098159660632 153 13 9
SIR 27 8.416254580721807 153 12 10
SIR 28 8.684708190445093 153 11 11
SIR 29 9.12042254420167 152 12 11
SIR 30 9.580623936834309 151 13 11
SIR 31 9.89582450267587 150 14 11
SIR 32 9.947668997686247 149 15 11
SIR 33 9.953628826757363 148 16 11
SIR 34 10.107197768894338 147 17 11
SIR 35 10.117404121276849 147 16 12
SIR 36 10.632932824416036 146 17 12
SIR 37 10.79134022830419 146 16 13
SIR 38 10.949081669213674 145 17 13
SIR 39 10.974310321689224 144 18 13
SIR 40 11.05449089034037 143 19 13
SIR 41 11.132052257408048 142 20 13
SIR 42 11.40167921389133 141 21 13
SIR 43 11.71750861779424 141 20 14
SIR 44 11.86529414700821 140 21 14
SIR 45 12.102942986716418 139 22 14
SIR 46 12.244388596522661 139 21 15
SIR 47 12.3879513343101 139 20 16
SIR 48 13.016207246465799 139 19 17
SIR 49 13.15374360044332 139 18 18
SIR 50 13.657546144933946 138 19 18
SIR 51 13.82026284011137 137 20 18
SIR 52 14.13130418299439 137 19 19
SIR 53 14.164044910792478 136 20 19
SIR 54 14.444176501526368 136 19 20
SIR 55 14.585904381136295 135 20 20
SIR 56 14.724579297082402 135 19 21
SIR 57 14.972810282672471 134 20 21
SIR 58 15.281736453138867 134 19 22
SIR 59 15.497824470869165 134 18 23
SIR 60 16.034553399629285 133 19 23
SIR 61 16.126565150423648 132 20 23
SIR 62 16.29161135687653 131 21 23
SIR 63 16.614137263539156 130 22 23
SIR 64 16.73730163727309 130 21 24
SIR 65 16.815812743731826 130 20 25
SIR 66 16.81812503151186 129 21 25
SIR 67 16.86299620637883 129 20 26
SIR 68 17.4756153997494 128 21 26
SIR 69 17.735910116837342 127 22 26
SIR 70 17.920212331515287 127 21 27
SIR 71 17.969203092588494 127 20 28
SIR 72 18.074569142039934 126 21 28
SIR 73 18.271731807603043 126 20 29
SIR 74 18.353330468734317 125 21 29
SIR 75 18.840326635717513 125 20 30
SIR 76 19.206845814600886 124 21 30
SIR 77 19.702802897750693 124 20 31
SIR 78 20.08408134457166 124 19 32
SIR 79 20.653101109048883 123 20 32
SIR 80 20.675738619991034 122 21 32
SIR 81 21.302752465376823 122 20 33
SIR 82 21.36511555978339 121 21 33
SIR 83 21.419870685158138 120 22 33
SIR 84 21.526812903280984 119 23 33
SIR 85 21.77346234324868 119 22 34
SIR 86 21.78012671632862 119 21 35
SIR 87 21.807452978830433 119 20 36
SIR 88 22.03068776477547 119 19 37
SIR 89 22.303806669295138 118 20 37
SIR 90 22.71411502261743 117 21 37
SIR 91 22.803795530583816 116 22 37
SIR 92 22.859213936215454 115 23 37
SIR 93 23.34592562053719 115 22 38
SIR 94 23.49341054346125 114 23 38
SIR 95 23.57911349172726 113 24 38
SIR 96 24.161137559075566 112 25 38
SIR 97 24.186358585355947 112 24 39
SIR 98 24.361825816925865 111 25 39
SIR 99 25.201511959406528 111 24 40
SIR 100 25.583711077838036 111 23 41
SIR 101 26.04435362661121 110 24 41
SIR 102 26.054681403574175 109 25 41
SIR 103 26.109997123316997 109 24 42
SIR 104 26.469638719083495 109 23 43
SIR 105 26.587443348654674 109 22 44
SIR 106 26.613250888005318 108 23 44
SIR 107 26.752249624866014 107 24 44
SIR 108 26.963746354646805 107 23 45
SIR 109 27.033980183832355 106 24 45
SIR 110 27.051376519719984 106 23 46
SIR 111 27.34543342824625 105 24 46
SIR 112 27.49557363171899 105 23 47
SIR 113 27.62136815653447 105 22 48
SIR 114 27.962192508807448 104 23 48
SIR 115 28.500176593528238 104 22 49
SIR 116 28.68440562079671 104 21 50
SIR 117 28.855414487321386 103 22 50
SIR 118 28.97018836148805 103 21 51
SIR 119 29.10265845797624 102 22 51
SIR 120 29.157482719592167 101 23 51
SIR 121 29.304683121926217 101 22 52
SIR 122 29.65253732557844 100 23 52
SIR 123 29.69927284866397 100 22 53
SIR 124 29.714838952105993 99 23 53
SIR 125 29.845236077675708 98 24 53
SIR 126 30.11949171401719 97 25 53
SIR 127 30.384482487370995 96 26 53
SIR 128 30.9455586806239 96 25 54
SIR 129 31.441578255229786 95 26 54
SIR 130 31.69446294417732 94 27 54
SIR 131 31.74235072223981 94 26 55
SIR 132 32.14304558012884 93 27 55
SIR 133 32.36174256125284 92 28 55
SIR 134 32.57682465235451 92 27 56
SIR 135 32.66420107695728 91 28 56
SIR 136 32.9022562185987 90 29 56
SIR 137 33.06067878950518 89 30 56
SIR 138 33.0884423934907 89 29 57
SIR 139 33.12569953983165 88 30 57
SIR 140 33.30704683803709 87 31 57
SIR 141 33.477479654952816 87 30 58
SIR 142 33.50281144791962 87 29 59
SIR 143 33.75310321573463 87 28 60
SIR 144 33.76339913361577 86 29 60
SIR 145 33.799448560935545 85 30 60
SIR 146 33.95271229751341 84 31 60
SIR 147 33.980247273961815 83 32 60
SIR 148 34.295254089789104 83 31 61
SIR 149 34.98191722854145 82 32 61
SIR 150 35.27019464835863 82 31 62
SIR 151 35.3667667837577 81 32 62
SIR 152 35.38056851334858 81 31 63
SIR 153 35.6831939024071 81 30 64
SIR 154 35.76815979032783 81 29 65
SIR 155 36.15570134969488 81 28 66
SIR 156 36.58708860080477 81 27 67
SIR 157 36.619721074651 81 26 68
SIR 158 36.668911352754925 81 25 69
SIR 159 36.73373841133861 80 26 69
SIR 160 37.08189836236189 80 25 70
SIR 161 37.493778475022566 79 26 70
SIR 162 37.520480475502666 78 27 70
SIR 163 37.66097507499483 78 26 71
SIR 164 37.879780638693816 77 27 71
SIR 165 37.904980770712456 77 26 72
SIR 166 37.950527845466084 77 25 73
SIR 167 38.10004953221895 77 24 74
SIR 168 38.19923153539327 76 25 74
SIR 169 38.22524955703966 76 24 75
SIR 170 38.583496229161774 76 23 76
SIR 171 38.62094833682331 76 22 77
SIR 172 38.643621309312444 75 23 77
SIR 173 38.739654968758295 74 24 77
SIR 174 39.102849922759916 74 23 78
SIR 175 39.27640499320938 73 24 78
SIR 176 39.55382419452696 73 23 79
SIR 177 39.71259555856113 72 24 79
SIR 178 39.77669813131771 72 23 80
SIR 179 39.78886569908893 71 24 80
SIR 180 40.188538943220266 71 23 81
SIR 181 40.637236272813944 71 22 82
SIR 182 41.07417722414934 70 23 82
SIR 183 41.19888482859199 70 22 83
SIR 184 41.63772977741817 69 23 83
SIR 185 41.76313148358704 69 22 84
SIR 186 42.038204418257834 69 21 85
SIR 187 42.13140362632022 68 22 85
SIR 188 42.18464368576547 67 23 85
SIR 189 42.21678732046874 66 24 85
SIR 190 42.36974486190093 66 23 86
SIR 191 42.40497200782609 65 24 86
SIR 192 42.67385658318571 64 25 86
SIR 193 42.80606110574416 63 26 86
SIR 194 43.20438210597943 62 27 86
SIR 195 43.204841946917746 62 26 87
SIR 196 43.21172813805113 61 27 87
SIR 197 43.243944980977076 61 26 88
SIR 198 43.40958877358706 61 25 89
SIR 199 43.45351398117975 60 26 89
SIR 200 43.501042797068166 60 25 90
SIR 201 44.08849669727427 60 24 91
SIR 202 44.13975078799007 60 23 92
SIR 203 44.207679700182766 59 24 92
SIR 204 44.41940784559152 58 25 92
SIR 205 44.55627289949111 57 26 92
SIR 206 44.73019569439369 56 27 92
SIR 207 44.99872441687607 55 28 92
SIR 208 45.01709722130715 55 27 93
SIR 209 46.13218879575469 55 26 94
SIR 210 46.213606963378844 55 25 95
SIR 211 46.26085161558228 54 26 95
SIR 212 46.65139045868836 53 27 95
SIR 213 46.841804919102636 53 26 96
SIR 214 46.97666034242589 53 25 97
SIR 215 47.037214874756216 53 24 98
SIR 216 48.06642268505914 53 23 99
SIR 217 48.19544123188829 53 22 100
SIR 218 48.429484154568236 52 23 100
SIR 219 48.796886076364174 52 22 101
SIR 220 49.40641006778593 51 23 101
SIR 221 49.7235704491261 51 22 102
SIR 222 50.315998037951516 51 21 103
SIR 223 50.340569383823095 51 20 104
SIR 224 50.697362706146244 51 19 105
SIR 225 51.390364458624056 51 18 106
SIR 226 51.490097522426346 51 17 107
SIR 227 51.57408062672149 50 18 107
SIR 228 51.782596632972115 49 19 107
SIR 229 52.78852644016657 48 20 107
SIR 230 53.406751943666336 47 21 107
SIR 231 53.563311661576506 47 20 108
SIR 232 53.681219925365305 47 19 109
SIR 233 53.83872102460778 47 18 110
SIR 234 53.84175196659631 46 19 110
SIR 235 53.975246009661554 46 18 111
SIR 236 54.22434874669191 45 19 111
SIR 237 54.97370094271031 45 18 112
SIR 238 55.80087749991304 45 17 113
SIR 239 55.80281429484531 44 18 113
SIR 240 56.138900095095934 43 19 113
SIR 241 56.775061782375886 42 20 113
SIR 242 56.92012954612163 42 19 114
SIR 243 57.19516001131631 42 18 115
SIR 244 58.00297225166868 42 17 116
SIR 245 58.22847525322722 42 16 117
SIR 246 58.91964234062831 42 15 118
SIR 247 59.31682121450908 41 16 118
SIR 248 59.486337834547626 41 15 119
SIR 249 60.57305022687045 40 16 119
SIR 250 60.64702844527004 40 15 120
SIR 251 60.839428176422146 39 16 120
SIR 252 60.85670240126772 38 17 120
SIR 253 60.890111050294614 38 16 121
SIR 254 60.92735459771698 37 17 121
SIR 255 61.777789860791664 37 16 122
SIR 256 62.194323744350925 37 15 123
SIR 257 63.33005511445089 36 16 123
SIR 258 63.94400477397562 36 15 124
SIR 259 65.01867848039784 36 14 125
SIR 260 65.09458824425015 36 13 126
SIR 261 66.5351994303983 36 12 127
SIR 262 67.54031592882185 36 11 128
SIR 263 68.40398754006884 36 10 129
SIR 264 68.79843477129684 36 9 130
SIR 265 69.5079405904537 36 8 131
SIR 266 69.53714063954583 36 7 132
SIR 267 69.79461754346366 36 6 133
SIR 268 70.17943834206764 36 5 134
SIR 269 72.38773342559284 36 4 135
SIR 270 76.2589083359025 35 5 135
SIR 271 76.87648348195829 35 4 136
SIR 272 77.61534144176179 34 5 136
SIR 273 78.54451561115403 34 4 137
SIR 274 80.64572482542924 34 3 138
SIR 275 80.84002440838718 34 2 139
SIR 276 86.26328482026989 33 3 139
SIR 277 87.24375664394447 33 2 140
SIR 278 92.22187199171842 32 3 140
SIR 279 92.2265423592325 32 2 141
SIR 280 94.93244334987263 31 3 141
SIR 281 96.06087022396372 31 2 142
SIR 282 96.9217734222766 31 1 143
SIR 283 123.62772828024826 30 2 143
