action step time popS popI popR
- 0 0.0 170 5 0
SIR 1 0.23599440975979422 170 4 1
SIR 2 0.6966741252530197 169 5 1
SIR 3 1.281289614061917 169 4 2
SIR 4 1.4990843796953657 168 5 2
SIR 5 1.5795571376790252 168 4 3
SIR 6 3.6067417017543724 167 5 3
SIR 7 5.124344294454496 166 6 3
SIR 8 6.466618269665891 165 7 3
SIR 9 7.308927176803097 164 8 3
SIR 10 7.427056448818795 164 7 4
SIR 11 7.60659674099939 163 8 4
SIR 12 7.607387196449628 162 9 4
SIR 13 7.6421313200053484 161 10 4
SIR 14 8.125733066518961 161 9 5
SIR 15 8.580934606773095 161 8 6
SIR 16 8.877046589808026 160 9 6
SIR 17 9.298937987391488 159 10 6
SIR 18 9.318074128794294 158 11 6
SIR 19 9.649457610401523 158 10 7
SIR 20 10.181603627659923 158 9 8
SIR 21 10.358269521922814 157 10 8
SIR 22 10.926916850505446 156 11 8
SIR 23 11.245586844571093 155 12 8
SIR 24 11.403801010250541 154 13 8
SIR 25 11.55406248709908 153 14 8
SIR 26 11.752539616285834 153 13 9
SIR 27 11.897547521114404 152 14 9
SIR 28 12.869977737907254 152 13 10
SIR 29 13.754808882689304 152 12 11
SIR 30 13.98373884601075 152 11 12
SIR 31 14.250808502488553 152 10 13
SIR 32 15.014864495857344 152 9 14
SIR 33 15.104899931728802 151 10 14
SIR 34 15.232456535895514 150 11 14
SIR 35 15.857755979129008 149 12 14
SIR 36 16.133699264575007 148 13 14
SIR 37 16.289147851368224 147 14 14
SIR 38 16.322848574880254 147 13 15
SIR 39 16.336525192817625 146 14 15
SIR 40 17.28417396870688 146 13 16
SIR 41 17.295462941589633 146 12 17
SIR 42 17.999399506148237 145 13 17
SIR 43 18.346051830381885 144 14 17
SIR 44 19.065367451480384 143 15 17
SIR 45 19.417096396003824 142 16 17
SIR 46 19.903520495024882 141 17 17
SIR 47 20.015437025354576 141 16 18
SIR 48 20.040928773101687 141 15 19
SIR 49 20.144638909520047 141 14 20
SIR 50 20.573027115182207 141 13 21
SIR 51 20.834385788575254 140 14 21
SIR 52 21.214141666783075 139 15 21
SIR 53 21.371292438412915 138 16 21
SIR 54 21.58231353111719 137 17 21
SIR 55 21.953778495467446 136 18 21
SIR 56 22.381534447178826 135 19 21
SIR 57 22.72616668522776 135 18 22
SIR 58 22.98567490726711 134 19 22
SIR 59 23.48662350367899 134 18 23
SIR 60 23.75707378051123 133 19 23
SIR 61 23.795693790619158 132 20 23
SIR 62 23.886868395280157 132 19 24
SIR 63 24.124524963464804 131 20 24
SIR 64 24.543304537158257 130 21 24
SIR 65 24.819946532787302 129 22 24
SIR 66 24.913562557908925 128 23 24
SIR 67 25.048750656153018 127 24 24
SIR 68 25.33038779287835 126 25 24
SIR 69 25.418476681312864 125 26 24
SIR 70 25.640205529602255 124 27 24
SIR 71 25.690098843616344 123 28 24
SIR 72 25.76093639699279 122 29 24
SIR 73 25.793561047273876 122 28 25
SIR 74 25.866659600037462 121 29 25
SIR 75 25.9436635097304 120 30 25
SIR 76 26.003285328424756 119 31 25
SIR 77 26.037537858727525 119 30 26
SIR 78 26.30507866303437 118 31 26
SIR 79 26.342772684430777 118 30 27
SIR 80 26.50303854236846 117 31 27
SIR 81 26.600635698668203 117 30 28
SIR 82 26.89447558163652 116 31 28
SIR 83 27.016221195305935 115 32 28
SIR 84 27.25648553545525 115 31 29
SIR 85 27.377637249822726 115 30 30
SIR 86 27.572800506169845 115 29 31
SIR 87 27.790182876952358 114 30 31
SIR 88 27.986569711829937 113 31 31
SIR 89 28.011361875710936 112 32 31
SIR 90 28.035770991060463 112 31 32
SIR 91 28.216836092982 111 32 32
SIR 92 28.284820555746563 111 31 33
SIR 93 28.44572595383087 110 32 33
SIR 94 28.58009479873868 110 31 34
SIR 95 28.690546178934223 109 32 34
SIR 96 29.311280230377292 108 33 34
SIR 97 29.33396126581685 107 34 34
SIR 98 29.351536678250984 107 33 35
SIR 99 29.46852272292268 106 34 35
SIR 100 29.654108093388963 105 35 35
SIR 101 29.666713227282315 105 34 36
SIR 102 29.726744234124087 104 35 36
SIR 103 30.351875392583626 103 36 36
SIR 104 30.912780849450606 102 37 36
SIR 105 31.04839036493498 101 38 36
SIR 106 31.12274301151916 101 37 37
SIR 107 31.146754343494212 101 36 38
SIR 108 31.315347370660053 100 37 38
SIR 109 31.581059753129257 100 36 39
SIR 110 31.807731779098575 100 35 40
SIR 111 32.17611863460424 100 34 41
SIR 112 32.45365231238755 100 33 42
SIR 113 32.60321070467445 99 34 42
SIR 114 32.8907594406109 98 35 42
SIR 115 33.12352788452631 98 34 43
SIR 116 33.17794905159879 98 33 44
SIR 117 33.183579450723826 98 32 45
SIR 118 33.27214605948933 98 31 46
SIR 119 33.343313949165015 97 32 46
SIR 120 33.42535627887483 96 33 46
SIR 121 33.58543424463695 96 32 47
SIR 122 33.69394204271793 95 33 47
SIR 123 33.808321861182755 94 34 47
SIR 124 33.85005526202174 93 35 47
SIR 125 34.07486121176695 92 36 47
SIR 126 34.169431526424944 92 35 48
SIR 127 34.2292810134515 91 36 48
SIR 128 34.3753512144721 91 35 49
SIR 129 34.449021570472226 91 34 50
SIR 130 34.52176621940455 90 35 50
SIR 131 34.59351920602944 89 36 50
SIR 132 34.62473543019969 88 37 50
SIR 133 34.812002955308444 87 38 50
SIR 134 34.85991273697008 87 37 51
SIR 135 35.04021443938087 86 38 51
SIR 136 35.100153505940604 86 37 52
SIR 137 35.33732493908874 86 36 53
SIR 138 35.377719773240024 86 35 54
SIR 139 35.63362680788532 86 34 55
SIR 140 35.90773104186531 86 33 56
SIR 141 36.170858331648716 86 32 57
SIR 142 36.20250690628313 85 33 57
SIR 143 36.38055168536266 85 32 58
SIR 144 36.74502522183796 84 33 58
SIR 145 36.94312124029467 83 34 58
SIR 146 37.13195713774808 83 33 59
SIR 147 37.139602156978654 83 32 60
SIR 148 37.41011294303617 82 33 60
SIR 149 37.968898737624755 82 32 61
SIR 150 37.98201785490433 82 31 62
SIR 151 39.130247347896834 82 30 63
SIR 152 39.32615368012753 81 31 63
SIR 153 39.669443784954815 81 30 64
SIR 154 39.82152377278558 80 31 64
SIR 155 39.98601398041177 80 30 65
SIR 156 40.31102810338402 80 29 66
SIR 157 40.31730326858405 79 30 66
SIR 158 40.33319972658373 79 29 67
SIR 159 40.583045195673066 78 30 67
SIR 160 40.78875327725344 77 31 67
SIR 161 40.9766798728963 76 32 67
SIR 162 41.00667645480637 76 31 68
SIR 163 41.04747731641493 75 32 68
SIR 164 41.293789939482124 75 31 69
SIR 165 41.334852271676 75 30 70
SIR 166 41.37331060547261 75 29 71
SIR 167 41.45840266379392 75 28 72
SIR 168 41.46688850830386 75 27 73
SIR 169 42.21095976156765 74 28 73
SIR 170 42.2957365601504 73 29 73
SIR 171 42.397767069538254 73 28 74
SIR 172 42.71077745280872 73 27 75
SIR 173 43.23142844245468 73 26 76
SIR 174 43.507471002053485 73 25 77
SIR 175 43.7244668198528 73 24 78
SIR 176 43.9252035727923 72 25 78
SIR 177 43.97065083549904 71 26 78
SIR 178 44.096049936714024 70 27 78
SIR 179 44.186572852447085 69 28 78
SIR 180 44.36596249999546 69 27 79
SIR 181 44.41188356921249 69 26 80
SIR 182 44.785236822915486 68 27 80
SIR 183 44.85741247434567 68 26 81
SIR 184 44.88622282019106 68 25 82
SIR 185 44.931102572344365 67 26 82
SIR 186 45.04118004643885 67 25 83
SIR 187 45.436389494202714 66 26 83
SIR 188 45.629098672859236 65 27 83
SIR 189 45.86665780051347 65 26 84
SIR 190 46.00979199851019 65 25 85
SIR 191 46.13435316398852 65 24 86
SIR 192 46.57628997011327 64 25 86
SIR 193 47.50957563660471 64 24 87
SIR 194 47.67365307504968 64 23 88
SIR 195 47.84291365941405 63 24 88
SIR 196 48.64381586241172 63 23 89
SIR 197 49.030569280365974 62 24 89
SIR 198 49.24106239838203 61 25 89
SIR 199 49.553614260478206 60 26 89
SIR 200 49.61705546278456 60 25 90
SIR 201 50.00073704511818 59 26 90
SIR 202 50.03381341891029 58 27 90
SIR 203 50.118463207103495 57 28 90
SIR 204 50.382100470164694 57 27 91
SIR 205 50.53189137411493 57 26 92
SIR 206 50.67039697059512 57 25 93
SIR 207 50.80903174521066 57 24 94
SIR 208 50.86798033507602 57 23 95
SIR 209 51.19069158731306 57 22 96
SIR 210 51.21228410248259 57 21 97
SIR 211 51.93729073717068 56 22 97
SIR 212 52.881917559019215 55 23 97
SIR 213 53.04174176155035 54 24 97
SIR 214 53.04551419358911 54 23 98
SIR 215 53.07814834922373 53 24 98
SIR 216 53.45077794564863 53 23 99
SIR 217 53.56118324298483 53 22 100
SIR 218 53.66421900057852 53 21 101
SIR 219 54.269747371473564 53 20 102
SIR 220 54.3754785202222 53 19 103
SIR 221 54.76933894966243 53 18 104
SIR 222 55.28691988381406 52 19 104
SIR 223 55.57577119352319 52 18 105
SIR 224 55.86697600971381 52 17 106
SIR 225 56.29564782613898 52 16 107
SIR 226 56.31526464602004 52 15 108
SIR 227 56.60935029906456 52 14 109
SIR 228 57.13674842593848 52 13 110
SIR 229 57.4223174326482 51 14 110
SIR 230 57.481356878755214 51 13 111
SIR 231 57.690647924520846 51 12 112
SIR 232 57.79494486243393 50 13 112
SIR 233 57.872928033304504 50 12 113
SIR 234 58.20438095403181 49 13 113
SIR 235 58.4508257461312 48 14 113
SIR 236 58.61375502111204 48 13 114
SIR 237 58.751439830655634 48 12 115
SIR 238 59.161383329465146 48 11 116
SIR 239 60.49012061932572 47 12 116
SIR 240 60.804834551234194 47 11 117
SIR 241 60.88226558038643 47 10 118
SIR 242 60.9884598841149 47 9 119
SIR 243 61.28216892596582 46 10 119
SIR 244 61.933166208997775 46 9 120
SIR 245 63.75580693232843 46 8 121
SIR 246 64.36441940373184 46 7 122
SIR 247 64.6802524139825 46 6 123
SIR 248 66.66279490459301 45 7 123
SIR 249 68.56561374259856 45 6 124
SIR 250 75.05246715498963 45 5 125
SIR 251 76.38021022841333 45 4 126
SIR 252 77.51424904734961 44 5 126
SIR 253 78.63143470746249 44 4 127
SIR 254 79.80044577031389 44 3 128
SIR 255 80.32023116591118 43 4 128
SIR 256 82.16581344470825 43 3 129
SIR 257 85.03741187833211 43 2 130
SIR 258 86.8806485751129 43 1 131
SIR 259 100.43889613176653 43 0 132
