action step time popS popI popR
- 0 0.0 195 5 0
SIR 1 1.7459920896763386 194 6 0
SIR 2 3.5943333488297418 193 7 0
SIR 3 4.171716279081309 192 8 0
SIR 4 4.222291263510394 192 7 1
SIR 5 4.381121429906286 191 8 1
SIR 6 4.745784219324267 190 9 1
SIR 7 5.310473003911358 189 10 1
SIR 8 5.682681257076371 188 11 1
SIR 9 6.010961510887504 187 12 1
SIR 10 6.465941753519687 187 11 2
SIR 11 6.545785228724679 187 10 3
SIR 12 6.576078311178514 186 11 3
SIR 13 7.01783032785343 185 12 3
SIR 14 7.312255316976964 184 13 3
SIR 15 7.564531862135005 183 14 3
SIR 16 7.61819333653776 182 15 3
SIR 17 7.631092341121518 181 16 3
SIR 18 7.675755598527459 180 17 3
SIR 19 8.759824188889525 180 16 4
SIR 20 8.87731465676292 179 17 4
SIR 21 8.921156459523452 179 16 5
SIR 22 9.467424312605615 178 17 5
SIR 23 10.0184801994883 177 18 5
SIR 24 10.057445907620172 177 17 6
SIR 25 10.179613718493497 176 18 6
SIR 26 10.326678792364245 176 17 7
SIR 27 10.792987899466315 176 16 8
SIR 28 11.109181568214062 175 17 8
SIR 29 11.516873393930696 174 18 8
SIR 30 11.86960378421921 174 17 9
SIR 31 12.001513401866955 173 18 9
SIR 32 12.650934953592474 172 19 9
SIR 33 12.882423115583032 172 18 10
SIR 34 13.090818138813821 171 19 10
SIR 35 13.791533338020468 170 20 10
SIR 36 13.845703201137638 170 19 11
SIR 37 14.693260611020044 169 20 11
SIR 38 14.790981489393772 169 19 12
SIR 39 15.08219518099613 168 20 12
SIR 40 15.214536594118394 167 21 12
SIR 41 15.260834962314826 166 22 12
SIR 42 15.380432391401271 165 23 12
SIR 43 15.393921483004798 165 22 13
SIR 44 15.577573321320731 165 21 14
SIR 45 15.674949002659652 165 20 15
SIR 46 15.823901723701324 164 21 15
SIR 47 15.936325040475126 163 22 15
SIR 48 16.129630213272694 163 21 16
SIR 49 16.259659542279085 162 22 16
SIR 50 16.277745193771572 161 23 16
SIR 51 16.377533719808746 161 22 17
SIR 52 16.413645740201275 160 23 17
SIR 53 16.804832529567285 159 24 17
SIR 54 17.060653024984525 158 25 17
SIR 55 17.114418936762274 157 26 17
SIR 56 17.11680866778842 156 27 17
SIR 57 17.176335296006553 155 28 17
SIR 58 17.69584732027991 154 29 17
SIR 59 17.757606703550493 154 28 18
SIR 60 17.92799436769915 153 29 18
SIR 61 18.109249717913425 153 28 19
SIR 62 18.285997254675667 152 29 19
SIR 63 18.695119631200438 151 30 19
SIR 64 18.97733835860754 150 31 19
SIR 65 19.050800448601045 150 30 20
SIR 66 19.070378694258185 150 29 21
SIR 67 19.079352763233715 150 28 22
SIR 68 19.12892343300529 149 29 22
SIR 69 19.64664179604199 148 30 22
SIR 70 19.651682257642072 147 31 22
SIR 71 19.725281630829247 147 30 23
SIR 72 19.79607043857582 147 29 24
SIR 73 19.979284729176925 146 30 24
SIR 74 20.697808658509388 145 31 24
SIR 75 20.776923744307908 144 32 24
SIR 76 20.85503943187468 143 33 24
SIR 77 20.859541738325778 143 32 25
SIR 78 21.029695116921296 142 33 25
SIR 79 21.063538347502597 142 32 26
SIR 80 21.195465116353173 141 33 26
SIR 81 21.4163923463272 141 32 27
SIR 82 21.431551445492428 140 33 27
SIR 83 22.22642123295373 139 34 27
SIR 84 22.35784799046628 138 35 27
SIR 85 22.61018963744323 138 34 28
SIR 86 22.827475831980482 137 35 28
SIR 87 22.95624552370158 137 34 29
SIR 88 22.95634364471613 136 35 29
SIR 89 23.277887357311755 135 36 29
SIR 90 23.282763920150053 135 35 30
SIR 91 23.385808547855856 134 36 30
SIR 92 23.49875485168218 133 37 30
SIR 93 23.57779271167268 132 38 30
SIR 94 23.675779158432906 132 37 31
SIR 95 23.7540889478545 132 36 32
SIR 96 23.76054570853101 131 37 32
SIR 97 23.78933874336736 131 36 33
SIR 98 23.936533720536552 131 35 34
SIR 99 24.400069792836074 131 34 35
SIR 100 24.446802637311738 130 35 35
SIR 101 24.640445530839916 130 34 36
SIR 102 24.73021904906116 130 33 37
SIR 103 24.730475034526766 129 34 37
SIR 104 25.03783634779356 128 35 37
SIR 105 25.062952927022415 128 34 38
SIR 106 25.075395488210052 128 33 39
SIR 107 25.118833525829 128 32 40
SIR 108 25.393424426177315 127 33 40
SIR 109 25.624316045302375 126 34 40
SIR 110 25.726253951249433 125 35 40
SIR 111 26.163589329615977 124 36 40
SIR 112 26.17793811050393 124 35 41
SIR 113 26.4571049180671 124 34 42
SIR 114 26.591881048844606 124 33 43
SIR 115 26.92071141200473 124 32 44
SIR 116 27.095273155184543 123 33 44
SIR 117 27.255754661724822 122 34 44
SIR 118 27.357934624958595 121 35 44
SIR 119 27.41350672965967 120 36 44
SIR 120 27.45223954382574 119 37 44
SIR 121 27.715762770167853 118 38 44
SIR 122 27.755704559079447 118 37 45
SIR 123 27.871002521239166 117 38 45
SIR 124 27.93426128210597 117 37 46
SIR 125 28.016756262693665 117 36 47
SIR 126 28.21378710636339 117 35 48
SIR 127 28.413126472327907 117 34 49
SIR 128 28.7201924004598 116 35 49
SIR 129 28.733598871266743 115 36 49
SIR 130 28.74139054668074 115 35 50
SIR 131 28.74235556515902 114 36 50
SIR 132 28.85364486787108 113 37 50
SIR 133 28.9915903416704 113 36 51
SIR 134 29.10918965869988 112 37 51
SIR 135 29.129512126707667 111 38 51
SIR 136 29.219142002805174 111 37 52
SIR 137 29.247994220497144 111 36 53
SIR 138 29.34838261740695 111 35 54
SIR 139 29.382879182062467 111 34 55
SIR 140 29.65735920519998 111 33 56
SIR 141 29.680882709257737 111 32 57
SIR 142 29.768888474990923 110 33 57
SIR 143 29.9116070217684 110 32 58
SIR 144 30.01418027520269 110 31 59
SIR 145 30.342693375780463 109 32 59
SIR 146 30.415149661422916 108 33 59
SIR 147 30.477267603493186 107 34 59
SIR 148 30.50507182620506 107 33 60
SIR 149 30.548884203154653 107 32 61
SIR 150 30.63555793200348 106 33 61
SIR 151 30.785166100583968 105 34 61
SIR 152 30.876155404724724 105 33 62
SIR 153 31.000901487159727 104 34 62
SIR 154 31.198275384715483 104 33 63
SIR 155 31.198588499459497 103 34 63
SIR 156 31.30040593387499 102 35 63
SIR 157 31.37163997586584 101 36 63
SIR 158 31.438798631664987 101 35 64
SIR 159 31.77064642070414 100 36 64
SIR 160 31.982052140889003 100 35 65
SIR 161 32.00787064538749 100 34 66
SIR 162 32.090764208553104 100 33 67
SIR 163 32.705787804569646 100 32 68
SIR 164 32.77538046377697 99 33 68
SIR 165 32.80105376663312 99 32 69
SIR 166 32.85310975466683 98 33 69
SIR 167 33.03399047291144 97 34 69
SIR 168 33.42514947588755 97 33 70
SIR 169 33.43155325626501 96 34 70
SIR 170 33.459866384191415 96 33 71
SIR 171 33.891712626839244 96 32 72
SIR 172 34.159998154278696 96 31 73
SIR 173 34.225806268593786 96 30 74
SIR 174 34.257397641181896 96 29 75
SIR 175 34.52132625891565 95 30 75
SIR 176 34.84103914890982 95 29 76
SIR 177 34.94271041926832 95 28 77
SIR 178 35.128145346760476 94 29 77
SIR 179 35.20648880201981 93 30 77
SIR 180 35.30610337881816 92 31 77
SIR 181 35.40681157142398 91 32 77
SIR 182 35.565770415118266 91 31 78
SIR 183 35.56826643374402 90 32 78
SIR 184 35.82750535601111 90 31 79
SIR 185 35.935037900350515 89 32 79
SIR 186 35.97007956702338 89 31 80
SIR 187 36.103493015658294 89 30 81
SIR 188 36.18269438195565 89 29 82
SIR 189 36.275761839483415 89 28 83
SIR 190 36.383428411540734 88 29 83
SIR 191 36.67888193935269 88 28 84
SIR 192 36.72878627904514 87 29 84
SIR 193 36.758976449665624 87 28 85
SIR 194 36.85911316120613 87 27 86
SIR 195 37.06212788926349 86 28 86
SIR 196 37.115280904571584 85 29 86
SIR 197 37.24514141191524 85 28 87
SIR 198 37.401293222720845 85 27 88
SIR 199 37.490108919492116 85 26 89
SIR 200 37.77164123362853 85 25 90
SIR 201 38.111003532460515 85 24 91
SIR 202 38.22212206832937 84 25 91
SIR 203 38.399602161257576 83 26 91
SIR 204 38.40963418865573 83 25 92
SIR 205 38.90298869100526 82 26 92
SIR 206 38.98808685396369 81 27 92
SIR 207 39.170379590973134 81 26 93
SIR 208 39.971593055439826 80 27 93
SIR 209 40.01717438166992 80 26 94
SIR 210 40.07537545195036 80 25 95
SIR 211 40.39625433868513 80 24 96
SIR 212 40.66575879141909 80 23 97
SIR 213 40.79223382715416 80 22 98
SIR 214 40.812122132013585 80 21 99
SIR 215 41.03834124431232 80 20 100
SIR 216 41.35091675191114 80 19 101
SIR 217 41.395254398354254 80 18 102
SIR 218 41.41477359557794 80 17 103
SIR 219 41.868954706388315 80 16 104
SIR 220 41.89549580738973 80 15 105
SIR 221 41.90032497651136 80 14 106
SIR 222 42.02375416236267 79 15 106
SIR 223 42.284299997567224 78 16 106
SIR 224 42.35347731603739 78 15 107
SIR 225 43.17943911249731 78 14 108
SIR 226 44.037837480248065 77 15 108
SIR 227 44.91822806104481 77 14 109
SIR 228 45.17215740727527 76 15 109
SIR 229 45.18046284349162 76 14 110
SIR 230 45.48613575379711 75 15 110
SIR 231 45.64324323307683 74 16 110
SIR 232 45.749653740552766 73 17 110
SIR 233 46.11632481495056 73 16 111
SIR 234 46.209660588586985 73 15 112
SIR 235 46.62530482904343 73 14 113
SIR 236 47.004860160132864 73 13 114
SIR 237 47.10742527725886 73 12 115
SIR 238 47.35932908735784 72 13 115
SIR 239 47.729921513111336 71 14 115
SIR 240 47.87786172807954 70 15 115
SIR 241 48.444459219262264 70 14 116
SIR 242 48.57164518152872 69 15 116
SIR 243 50.65463512108478 69 14 117
SIR 244 51.23703120821165 69 13 118
SIR 245 51.36583249510068 68 14 118
SIR 246 51.8049750086276 67 15 118
SIR 247 52.5160708655736 66 16 118
SIR 248 52.55023722818443 66 15 119
SIR 249 53.320499162527476 65 16 119
SIR 250 53.43096835802041 64 17 119
SIR 251 53.78047583373723 63 18 119
SIR 252 54.178321194986786 63 17 120
SIR 253 55.19665021141693 63 16 121
SIR 254 55.495516652937795 62 17 121
SIR 255 56.61203341787065 61 18 121
SIR 256 56.764285126574386 61 17 122
SIR 257 56.83755083724991 61 16 123
SIR 258 57.79921682030204 61 15 124
SIR 259 58.41659612237134 61 14 125
SIR 260 59.22675566901565 61 13 126
SIR 261 59.30500086596176 61 12 127
SIR 262 60.26726938543537 60 13 127
SIR 263 60.58626837918897 59 14 127
SIR 264 60.880951617266355 59 13 128
SIR 265 60.933338573698435 59 12 129
SIR 266 61.40877336484743 59 11 130
SIR 267 62.23062213917127 58 12 130
SIR 268 62.24269544854077 58 11 131
SIR 269 62.417110748212274 58 10 132
SIR 270 62.76330343820287 57 11 132
SIR 271 63.7128474563107 57 10 133
SIR 272 64.07827131633856 56 11 133
SIR 273 64.55695428993681 56 10 134
SIR 274 65.06699557925364 56 9 135
SIR 275 65.28517478927516 56 8 136
SIR 276 65.97699922604467 55 9 136
SIR 277 66.76703613737759 55 8 137
SIR 278 67.04013174190904 55 7 138
SIR 279 67.69482571061572 54 8 138
SIR 280 68.51047476838082 54 7 139
SIR 281 69.65688710858834 54 6 140
SIR 282 71.07939339284549 54 5 141
SIR 283 72.80668097149228 53 6 141
SIR 284 72.87547943161636 53 5 142
SIR 285 73.31337512668995 53 4 143
SIR 286 75.2583805277598 52 5 143
SIR 287 77.55177148906729 52 4 144
SIR 288 79.38831182354559 52 3 145
SIR 289 81.28445893212938 52 2 146
SIR 290 81.50068644333166 51 3 146
SIR 291 84.78407354795362 51 2 147
SIR 292 85.74275555761824 51 1 148
SIR 293 91.99884920618904 51 0 149
