action step time popS popI popR
- 0 0.0 195 5 0
SIR 1 0.22723132307459848 194 6 0
SIR 2 0.29048328555444614 193 7 0
SIR 3 0.3664103852137738 192 8 0
SIR 4 1.0408604956525442 191 9 0
SIR 5 1.1967093826065496 190 10 0
SIR 6 1.5840940511573205 189 11 0
SIR 7 1.6187315629088386 188 12 0
SIR 8 1.7308688663003677 188 11 1
SIR 9 1.766904807565103 187 12 1
SIR 10 1.8199093317952932 187 11 2
SIR 11 1.991878686160648 187 10 3
SIR 12 2.159164564503953 186 11 3
SIR 13 2.360624553541053 185 12 3
SIR 14 2.553500834020906 184 13 3
SIR 15 3.332323197102409 183 14 3
SIR 16 3.367693058402503 182 15 3
SIR 17 4.171665469056739 181 16 3
SIR 18 4.320929677994656 181 15 4
SIR 19 4.496207858258163 180 16 4
SIR 20 4.509396360246719 180 15 5
SIR 21 4.734375146073327 179 16 5
SIR 22 5.085815134925516 178 17 5
SIR 23 5.400613089581851 178 16 6
SIR 24 5.41034362739106 178 15 7
SIR 25 5.457847937209489 177 16 7
SIR 26 5.619160946185556 177 15 8
SIR 27 5.6293439977677355 176 16 8
SIR 28 5.750185444402732 175 17 8
SIR 29 5.777216944255709 174 18 8
SIR 30 5.9941409288748835 173 19 8
SIR 31 6.05441767054477 172 20 8
SIR 32 6.167841727268224 171 21 8
SIR 33 6.3122729018309744 171 20 9
SIR 34 6.312309593316729 170 21 9
SIR 35 6.515579780195202 169 22 9
SIR 36 6.687257640546427 168 23 9
SIR 37 6.903002618283982 167 24 9
SIR 38 6.926937548856969 167 23 10
SIR 39 7.046847168899061 166 24 10
SIR 40 7.137604983461598 165 25 10
SIR 41 7.250672498716189 164 26 10
SIR 42 7.32056832368059 164 25 11
SIR 43 8.15006384168577 164 24 12
SIR 44 8.15783759768002 163 25 12
SIR 45 8.173587384524183 162 26 12
SIR 46 8.253824474540062 162 25 13
SIR 47 8.35658534931024 161 26 13
SIR 48 8.637883436395361 160 27 13
SIR 49 8.715585864879921 159 28 13
SIR 50 8.89025228893454 159 27 14
SIR 51 8.919596918781123 158 28 14
SIR 52 8.999935373277635 158 27 15
SIR 53 9.314743903667472 158 26 16
SIR 54 9.389808104624667 157 27 16
SIR 55 9.492283343081091 156 28 16
SIR 56 9.69568292642074 156 27 17
SIR 57 9.863270359056855 155 28 17
SIR 58 9.967539890257193 154 29 17
SIR 59 10.20809867330941 154 28 18
SIR 60 10.284949350581744 153 29 18
SIR 61 10.607254925004906 153 28 19
SIR 62 10.657800323602018 153 27 20
SIR 63 10.66536490444662 152 28 20
SIR 64 10.69377961623361 152 27 21
SIR 65 10.780016145595683 151 28 21
SIR 66 10.955051428989334 151 27 22
SIR 67 11.164299059400987 151 26 23
SIR 68 11.338532206948688 150 27 23
SIR 69 11.345398248687296 150 26 24
SIR 70 11.536001666573837 149 27 24
SIR 71 11.957912470075598 149 26 25
SIR 72 12.032623483672667 149 25 26
SIR 73 12.251752583980934 148 26 26
SIR 74 12.490178304976151 147 27 26
SIR 75 12.535387761069492 146 28 26
SIR 76 12.54700606214308 146 27 27
SIR 77 12.626390449702939 145 28 27
SIR 78 12.80554374901401 144 29 27
SIR 79 12.823899206837911 143 30 27
SIR 80 12.964507268697249 142 31 27
SIR 81 13.013269803162116 141 32 27
SIR 82 13.36317307006366 140 33 27
SIR 83 13.413882070193615 140 32 28
SIR 84 13.473014652665125 140 31 29
SIR 85 13.66288354712186 140 30 30
SIR 86 13.841627470706745 139 31 30
SIR 87 13.894947317568004 139 30 31
SIR 88 13.968474406121171 139 29 32
SIR 89 14.006716109172714 139 28 33
SIR 90 14.007002511721815 138 29 33
SIR 91 14.315194899955067 137 30 33
SIR 92 14.351633047066457 137 29 34
SIR 93 14.404346651289428 136 30 34
SIR 94 14.885976072238844 135 31 34
SIR 95 14.956551987102765 135 30 35
SIR 96 14.968221519537284 134 31 35
SIR 97 15.03909639644815 134 30 36
SIR 98 15.089342438331979 134 29 37
SIR 99 15.125446241395135 134 28 38
SIR 100 15.450125755390175 134 27 39
SIR 101 15.754501734028269 133 28 39
SIR 102 16.016973074388332 133 27 40
SIR 103 16.066828611864835 133 26 41
SIR 104 16.658372362302917 132 27 41
SIR 105 16.736098337412287 131 28 41
SIR 106 16.748273958240137 131 27 42
SIR 107 16.94486466734762 130 28 42
SIR 108 17.282691657803486 129 29 42
SIR 109 17.64110079784743 129 28 43
SIR 110 18.175917506502746 128 29 43
SIR 111 18.289114362021607 128 28 44
SIR 112 18.417850755830504 127 29 44
SIR 113 18.73413245378509 127 28 45
SIR 114 18.872475816970276 126 29 45
SIR 115 18.91531541999179 126 28 46
SIR 116 18.979234722625076 125 29 46
SIR 117 19.138052989626118 125 28 47
SIR 118 19.692500368656876 125 27 48
SIR 119 20.089987401530397 125 26 49
SIR 120 20.126942428298474 125 25 50
SIR 121 20.286940272638688 125 24 51
SIR 122 20.32585568699441 124 25 51
SIR 123 20.34199193105858 123 26 51
SIR 124 20.39187151096668 122 27 51
SIR 125 20.814076268475805 122 26 52
SIR 126 20.931319358319012 121 27 52
SIR 127 21.132497777247472 120 28 52
SIR 128 21.544296829011575 120 27 53
SIR 129 21.554206661933588 120 26 54
SIR 130 21.56503062864923 120 25 55
SIR 131 21.592204527247308 119 26 55
SIR 132 21.7762966693258 119 25 56
SIR 133 22.003138215109292 118 26 56
SIR 134 22.17401184813284 117 27 56
SIR 135 22.18848744234569 117 26 57
SIR 136 22.4466950211759 117 25 58
SIR 137 22.98620534882366 117 24 59
SIR 138 23.576869415304945 116 25 59
SIR 139 23.84932588614106 115 26 59
SIR 140 23.90695716560397 114 27 59
SIR 141 24.09380177372243 113 28 59
SIR 142 24.860952191757978 113 27 60
SIR 143 24.86381336227023 112 28 60
SIR 144 25.378621562905746 112 27 61
SIR 145 25.922119445763705 112 26 62
SIR 146 26.468231042165414 111 27 62
SIR 147 26.533175760395068 111 26 63
SIR 148 26.798622519034218 111 25 64
SIR 149 27.16571649285557 110 26 64
SIR 150 27.35958755700187 109 27 64
SIR 151 27.576790254056075 109 26 65
SIR 152 27.707237299022506 108 27 65
SIR 153 27.80428246680657 108 26 66
SIR 154 28.477331192416646 107 27 66
SIR 155 28.495610389929812 106 28 66
SIR 156 28.65955926858659 106 27 67
SIR 157 29.14535672160757 105 28 67
SIR 158 29.190311786288518 105 27 68
SIR 159 29.365691710968008 104 28 68
SIR 160 30.16635469059634 103 29 68
SIR 161 30.227562964633986 103 28 69
SIR 162 30.232298712300185 102 29 69
SIR 163 30.28011232280394 102 28 70
SIR 164 30.450784173288195 101 29 70
SIR 165 30.634207238265464 101 28 71
SIR 166 30.708386513785147 101 27 72
SIR 167 30.723116390650688 100 28 72
SIR 168 30.747162415126304 99 29 72
SIR 169 30.799887699747057 99 28 73
SIR 170 31.339345202147662 98 29 73
SIR 171 31.432731703862533 98 28 74
SIR 172 31.61978247257217 97 29 74
SIR 173 31.928951215997284 96 30 74
SIR 174 32.004643276102044 96 29 75
SIR 175 32.16844928549622 95 30 75
SIR 176 32.39052484545233 94 31 75
SIR 177 32.463685968722906 93 32 75
SIR 178 32.702745133997695 92 33 75
SIR 179 33.08132662511898 92 32 76
SIR 180 33.77057673334077 92 31 77
SIR 181 33.79556656734715 92 30 78
SIR 182 33.823501473960555 92 29 79
SIR 183 33.82458931349763 91 30 79
SIR 184 33.84071562488814 91 29 80
SIR 185 34.02311401551617 90 30 80
SIR 186 34.15663298436984 89 31 80
SIR 187 34.22370168046258 89 30 81
SIR 188 34.233390149139176 88 31 81
SIR 189 34.254082584898455 87 32 81
SIR 190 34.33690667932367 87 31 82
SIR 191 34.40952868487712 87 30 83
SIR 192 34.42674047186993 87 29 84
SIR 193 34.46914670027778 87 28 85
SIR 194 34.61973175062929 87 27 86
SIR 195 35.0351199201494 87 26 87
SIR 196 35.43631811537966 87 25 88
SIR 197 35.50700202295183 87 24 89
SIR 198 35.59617298962797 87 23 90
SIR 199 35.79872482268996 86 24 90
SIR 200 35.81572873080501 86 23 91
SIR 201 36.20165164603786 86 22 92
SIR 202 36.29435896233482 86 21 93
SIR 203 36.33817204338965 86 20 94
SIR 204 36.50851052780471 85 21 94
SIR 205 36.581456100568936 84 22 94
SIR 206 36.69681076982595 84 21 95
SIR 207 36.854024288108306 84 20 96
SIR 208 37.22797057023552 84 19 97
SIR 209 37.710293108337986 84 18 98
SIR 210 38.01791662791829 83 19 98
SIR 211 38.28282916019751 83 18 99
SIR 212 38.38664862477422 83 17 100
SIR 213 38.46123665917086 83 16 101
SIR 214 38.46351892794947 83 15 102
SIR 215 38.51459723033373 82 16 102
SIR 216 38.5354390855499 82 15 103
SIR 217 38.81183380588113 82 14 104
SIR 218 38.962186523960185 81 15 104
SIR 219 38.96948795309215 80 16 104
SIR 220 39.54958852272154 79 17 104
SIR 221 39.6355025889782 79 16 105
SIR 222 39.69378915362901 78 17 105
SIR 223 40.310361606297825 78 16 106
SIR 224 40.45773515505403 78 15 107
SIR 225 40.703548900984806 78 14 108
SIR 226 40.8256177312402 78 13 109
SIR 227 40.943099463789245 78 12 110
SIR 228 41.4539367632967 78 11 111
SIR 229 41.93299535856387 77 12 111
SIR 230 43.7087546396842 77 11 112
SIR 231 44.099728660864 77 10 113
SIR 232 45.43124847688403 76 11 113
SIR 233 45.89167675961975 75 12 113
SIR 234 45.90397693563053 74 13 113
SIR 235 46.3276635003656 74 12 114
SIR 236 46.42153960940108 73 13 114
SIR 237 47.22064730365847 72 14 114
SIR 238 47.24251042674572 72 13 115
SIR 239 47.49249851034567 71 14 115
SIR 240 49.37605346064839 71 13 116
SIR 241 49.98564531517444 71 12 117
SIR 242 50.887699663999626 70 13 117
SIR 243 51.03007582788675 69 14 117
SIR 244 51.12401388434598 68 15 117
SIR 245 52.26738566602102 68 14 118
SIR 246 52.4238457259413 68 13 119
SIR 247 52.74013083636731 68 12 120
SIR 248 52.82561694594772 68 11 121
SIR 249 53.77805742584274 67 12 121
SIR 250 53.806340410900106 67 11 122
SIR 251 54.43260742132427 67 10 123
SIR 252 54.545870539441616 67 9 124
SIR 253 56.11939616806603 66 10 124
SIR 254 56.612419532868905 65 11 124
SIR 255 56.783870600535636 65 10 125
SIR 256 59.0576276995965 65 9 126
SIR 257 59.06513953658716 65 8 127
SIR 258 59.52802620401287 64 9 127
SIR 259 61.57698928918257 64 8 128
SIR 260 62.42826417797116 63 9 128
SIR 261 62.86436214604091 63 8 129
SIR 262 63.749440285029955 63 7 130
SIR 263 65.27120484678933 63 6 131
SIR 264 66.40781139869532 62 7 131
SIR 265 66.64332509818172 62 6 132
SIR 266 67.85998455437813 61 7 132
SIR 267 68.28725984720008 61 6 133
SIR 268 70.67060138650551 60 7 133
SIR 269 72.23871807742889 60 6 134
SIR 270 72.81364546766464 59 7 134
SIR 271 74.92678728843867 58 8 134
SIR 272 75.5358637065652 58 7 135
SIR 273 75.7704472566951 58 6 136
SIR 274 75.97410536028161 58 5 137
SIR 275 76.01004090702098 58 4 138
SIR 276 76.88402181836821 58 3 139
SIR 277 77.19915054618151 58 2 140
SIR 278 80.94793734819268 58 1 141
SIR 279 80.96188984781351 57 2 141
SIR 280 95.75893962777546 57 1 142
SIR 281 98.5492491940108 56 2 142
SIR 282 107.45414867080717 56 1 143
SIR 283 108.60328950414969 56 0 144
