action step time popS popI popR
- 0 0.0 195 5 0
SIR 1 1.3656215771771598 194 6 0
SIR 2 1.917168151317246 193 7 0
SIR 3 1.9967412327659768 193 6 1
SIR 4 2.4980307442537852 192 7 1
SIR 5 2.924059029872919 192 6 2
SIR 6 3.591615584714364 191 7 2
SIR 7 3.897223741712738 190 8 2
SIR 8 3.9076627739178074 190 7 3
SIR 9 4.439958945053965 190 6 4
SIR 10 5.125635223514779 189 7 4
SIR 11 5.754265523121645 188 8 4
SIR 12 5.980715720419719 187 9 4
SIR 13 6.434629355065959 186 10 4
SIR 14 6.693603089657474 186 9 5
SIR 15 6.952630963586357 185 10 5
SIR 16 7.140279242348579 184 11 5
SIR 17 7.725696775402288 183 12 5
SIR 18 7.845449368836667 182 13 5
SIR 19 8.008996492211384 181 14 5
SIR 20 8.083642738130079 180 15 5
SIR 21 8.440380000660063 180 14 6
SIR 22 8.474851854641985 179 15 6
SIR 23 8.983137859343422 178 16 6
SIR 24 9.072929556637018 177 17 6
SIR 25 9.643652999043594 176 18 6
SIR 26 10.109359044608102 175 19 6
SIR 27 10.328525747952392 175 18 7
SIR 28 10.466069614513662 174 19 7
SIR 29 10.607484755580156 173 20 7
SIR 30 10.668928898962204 172 21 7
SIR 31 10.756704979596618 172 20 8
SIR 32 10.868809447702347 172 19 9
SIR 33 11.337350714860055 171 20 9
SIR 34 11.429236872258151 171 19 10
SIR 35 11.609686375603799 170 20 10
SIR 36 11.627361901635602 169 21 10
SIR 37 11.631357834825714 168 22 10
SIR 38 11.761468917720789 168 21 11
SIR 39 11.851641135605718 167 22 11
SIR 40 12.3174855643147 166 23 11
SIR 41 12.329339275098018 165 24 11
SIR 42 12.763574639013127 165 23 12
SIR 43 12.765557526598062 164 24 12
SIR 44 13.085971292809683 163 25 12
SIR 45 13.180340126457681 162 26 12
SIR 46 13.22928716298103 161 27 12
SIR 47 13.241161386583165 160 28 12
SIR 48 13.244626914098292 159 29 12
SIR 49 13.474144254426362 159 28 13
SIR 50 13.725911268651583 158 29 13
SIR 51 13.730439229287168 157 30 13
SIR 52 13.873852275763701 156 31 13
SIR 53 13.908188259046021 155 32 13
SIR 54 14.125779935266062 154 33 13
SIR 55 14.219048226684983 154 32 14
SIR 56 14.28273062557984 154 31 15
SIR 57 14.330617561926514 153 32 15
SIR 58 14.476904747731922 152 33 15
SIR 59 14.636083106199935 151 34 15
SIR 60 14.792745652368199 151 33 16
SIR 61 14.837508296525069 150 34 16
SIR 62 15.13741633423312 149 35 16
SIR 63 15.179068662515057 148 36 16
SIR 64 15.3050796329258 148 35 17
SIR 65 15.380448678370463 148 34 18
SIR 66 15.384343536590295 147 35 18
SIR 67 15.387578557338408 146 36 18
SIR 68 15.430083455525429 146 35 19
SIR 69 15.752344094198943 145 36 19
SIR 70 15.973879029994116 144 37 19
SIR 71 16.03417590922345 143 38 19
SIR 72 16.045984584216008 143 37 20
SIR 73 16.099216674859726 142 38 20
SIR 74 16.159902928111585 142 37 21
SIR 75 16.161519620579984 141 38 21
SIR 76 16.419228780841717 140 39 21
SIR 77 16.659402641455568 140 38 22
SIR 78 16.779451845816013 139 39 22
SIR 79 16.85596946801108 138 40 22
SIR 80 17.055558302928663 137 41 22
SIR 81 17.155057279127245 136 42 22
SIR 82 17.15810739889169 135 43 22
SIR 83 17.164821777583963 135 42 23
SIR 84 17.179935198356354 134 43 23
SIR 85 17.286710736838913 134 42 24
SIR 86 17.294276132738712 133 43 24
SIR 87 17.33953306504605 132 44 24
SIR 88 17.38525725860055 132 43 25
SIR 89 17.682222993057767 131 44 25
SIR 90 17.797222698835853 130 45 25
SIR 91 17.808758881777447 130 44 26
SIR 92 17.93283806034416 129 45 26
SIR 93 18.037441831020363 129 44 27
SIR 94 18.119483811419688 129 43 28
SIR 95 18.164447091658168 128 44 28
SIR 96 18.177546715820576 127 45 28
SIR 97 18.191100260964433 126 46 28
SIR 98 18.37158808213176 126 45 29
SIR 99 18.623425245056062 126 44 30
SIR 100 18.75427343716965 125 45 30
SIR 101 18.948472095515598 124 46 30
SIR 102 19.035941307545563 123 47 30
SIR 103 19.10119295823062 122 48 30
SIR 104 19.27268653999874 122 47 31
SIR 105 19.27831787677917 121 48 31
SIR 106 19.408675317501412 121 47 32
SIR 107 19.454242612222906 120 48 32
SIR 108 19.48914465982876 119 49 32
SIR 109 19.49557316616647 118 50 32
SIR 110 19.544381074389648 117 51 32
SIR 111 19.546161168403895 117 50 33
SIR 112 19.685370604222015 116 51 33
SIR 113 19.68879222344842 116 50 34
SIR 114 19.70846295790607 116 49 35
SIR 115 19.8045287770648 116 48 36
SIR 116 19.872282594718644 115 49 36
SIR 117 19.909790546634724 114 50 36
SIR 118 20.00521967871196 113 51 36
SIR 119 20.14327509169432 112 52 36
SIR 120 20.19089547476303 111 53 36
SIR 121 20.43437042247795 110 54 36
SIR 122 20.729342572840977 110 53 37
SIR 123 20.750184294009465 109 54 37
SIR 124 20.79237488578051 108 55 37
SIR 125 20.823509728246908 108 54 38
SIR 126 21.112832110420023 107 55 38
SIR 127 21.47421289777763 106 56 38
SIR 128 21.532596465109485 106 55 39
SIR 129 21.535593319724263 105 56 39
SIR 130 21.573595425606673 105 55 40
SIR 131 21.68388283144818 105 54 41
SIR 132 22.000706559429148 105 53 42
SIR 133 22.06094208223999 105 52 43
SIR 134 22.128053355031003 104 53 43
SIR 135 22.236283703456344 104 52 44
SIR 136 22.293763509788405 103 53 44
SIR 137 22.553371138697724 103 52 45
SIR 138 22.842807655604172 102 53 45
SIR 139 22.94253054233268 102 52 46
SIR 140 23.06160491330218 101 53 46
SIR 141 23.18412249967506 100 54 46
SIR 142 23.31003018372259 100 53 47
SIR 143 23.381079573306174 100 52 48
SIR 144 23.744600692829074 100 51 49
SIR 145 23.80399408459305 99 52 49
SIR 146 23.83459437536206 99 51 50
SIR 147 23.83894445321442 98 52 50
SIR 148 23.857153897391754 98 51 51
SIR 149 23.912346681583646 97 52 51
SIR 150 24.211853918490316 97 51 52
SIR 151 24.49139669328541 96 52 52
SIR 152 24.5444524101702 95 53 52
SIR 153 24.710967548821483 95 52 53
SIR 154 24.730041828099413 95 51 54
SIR 155 24.828363372252838 95 50 55
SIR 156 24.853134398885825 95 49 56
SIR 157 24.911560684711063 95 48 57
SIR 158 25.260682952122497 95 47 58
SIR 159 25.34262233896162 95 46 59
SIR 160 25.568182775232263 95 45 60
SIR 161 25.586815066232397 95 44 61
SIR 162 25.676105732542563 95 43 62
SIR 163 25.958095996941847 95 42 63
SIR 164 26.455478490545122 94 43 63
SIR 165 26.545759290758614 94 42 64
SIR 166 26.55777352713675 94 41 65
SIR 167 26.772069195868827 93 42 65
SIR 168 27.077689615476633 93 41 66
SIR 169 27.28515354571059 92 42 66
SIR 170 27.34158769598832 92 41 67
SIR 171 27.86349286399868 92 40 68
SIR 172 27.872072694939053 92 39 69
SIR 173 27.91315864255859 91 40 69
SIR 174 28.09517716998531 91 39 70
SIR 175 28.141958363043653 91 38 71
SIR 176 28.189566226973565 91 37 72
SIR 177 28.55169254765465 90 38 72
SIR 178 28.568986726119174 90 37 73
SIR 179 28.656019350921518 89 38 73
SIR 180 28.78119745056129 89 37 74
SIR 181 28.82942377710855 88 38 74
SIR 182 28.855680197076243 88 37 75
SIR 183 28.86703159822254 87 38 75
SIR 184 29.083851424223955 87 37 76
SIR 185 29.370598194607627 86 38 76
SIR 186 29.387933662304278 86 37 77
SIR 187 29.638032779135234 85 38 77
SIR 188 29.74884331483704 85 37 78
SIR 189 29.957746222326353 85 36 79
SIR 190 30.07627666423675 85 35 80
SIR 191 30.382418337022237 84 36 80
SIR 192 30.397771110593347 84 35 81
SIR 193 30.510742753317064 84 34 82
SIR 194 31.01663291066304 83 35 82
SIR 195 31.110758264831862 82 36 82
SIR 196 31.16795655886404 82 35 83
SIR 197 31.42250047200375 82 34 84
SIR 198 31.71509245664612 81 35 84
SIR 199 31.75005554501119 80 36 84
SIR 200 31.78392975492687 80 35 85
SIR 201 31.80250438625335 80 34 86
SIR 202 32.14334393977922 80 33 87
SIR 203 32.276979883069444 80 32 88
SIR 204 32.47155616464803 80 31 89
SIR 205 32.57879003708071 80 30 90
SIR 206 32.839101159974376 79 31 90
SIR 207 32.93311097619426 78 32 90
SIR 208 33.17639703175602 78 31 91
SIR 209 33.4088434157514 78 30 92
SIR 210 33.81034169392535 78 29 93
SIR 211 33.99412064083904 77 30 93
SIR 212 34.07130526036167 76 31 93
SIR 213 34.186163236797036 76 30 94
SIR 214 34.24614000548546 75 31 94
SIR 215 34.25531527803013 75 30 95
SIR 216 34.616678878922 75 29 96
SIR 217 34.77821372965672 75 28 97
SIR 218 35.39697743892948 74 29 97
SIR 219 35.70325340393947 74 28 98
SIR 220 36.05107320340633 74 27 99
SIR 221 36.13573030436759 73 28 99
SIR 222 36.21932031373153 73 27 100
SIR 223 36.290979793309035 73 26 101
SIR 224 36.5353387604388 73 25 102
SIR 225 36.93036197315742 72 26 102
SIR 226 37.00878432138782 71 27 102
SIR 227 37.16153053248327 70 28 102
SIR 228 37.189635875586156 69 29 102
SIR 229 37.45699749296124 68 30 102
SIR 230 37.53996470644999 67 31 102
SIR 231 37.59468868158388 67 30 103
SIR 232 37.81900677384322 66 31 103
SIR 233 37.883619673465816 66 30 104
SIR 234 37.93643074742734 66 29 105
SIR 235 37.97575181253057 66 28 106
SIR 236 38.00535455969943 65 29 106
SIR 237 38.14636559483785 64 30 106
SIR 238 38.83240513238603 64 29 107
SIR 239 38.98111840280678 63 30 107
SIR 240 39.012480302867075 63 29 108
SIR 241 39.19161998293705 63 28 109
SIR 242 39.282390913831264 62 29 109
SIR 243 39.4751830157597 61 30 109
SIR 244 39.67601749484518 60 31 109
SIR 245 39.68062484854656 60 30 110
SIR 246 39.7183624764048 60 29 111
SIR 247 39.86218369809175 60 28 112
SIR 248 39.9477954316599 59 29 112
SIR 249 40.04179676522824 59 28 113
SIR 250 40.13649322067797 58 29 113
SIR 251 40.19513135427028 58 28 114
SIR 252 40.21660990647698 58 27 115
SIR 253 40.54917844243393 58 26 116
SIR 254 40.88044392337625 57 27 116
SIR 255 41.13692763965785 56 28 116
SIR 256 41.56199404809813 55 29 116
SIR 257 41.66236190399434 55 28 117
SIR 258 41.67097055332074 54 29 117
SIR 259 41.77259213065457 53 30 117
SIR 260 41.78643438652494 53 29 118
SIR 261 41.90531582956076 53 28 119
SIR 262 42.77045402948937 52 29 119
SIR 263 42.83391558923705 52 28 120
SIR 264 43.117603428440944 52 27 121
SIR 265 43.30626944931982 52 26 122
SIR 266 43.31977518086467 52 25 123
SIR 267 43.375117762398084 52 24 124
SIR 268 43.68116002907194 52 23 125
SIR 269 44.066335048007524 51 24 125
SIR 270 44.77510238561833 51 23 126
SIR 271 44.79957487408811 51 22 127
SIR 272 44.84747978357868 51 21 128
SIR 273 45.664299469794024 50 22 128
SIR 274 45.80835224191466 49 23 128
SIR 275 45.814044883758086 49 22 129
SIR 276 46.11850537505521 49 21 130
SIR 277 46.17216310673689 49 20 131
SIR 278 46.39134411306426 49 19 132
SIR 279 46.466882397438354 48 20 132
SIR 280 46.73971960923534 48 19 133
SIR 281 47.106761280512174 48 18 134
SIR 282 47.361515829275646 48 17 135
SIR 283 47.604683768245565 48 16 136
SIR 284 47.70404771027992 48 15 137
SIR 285 47.865336084284614 48 14 138
SIR 286 49.7348581423427 48 13 139
SIR 287 50.59960676805662 47 14 139
SIR 288 51.28164002705323 47 13 140
SIR 289 51.73580185665719 46 14 140
SIR 290 52.14830013320988 46 13 141
SIR 291 53.40213697228185 45 14 141
SIR 292 53.47619169444285 45 13 142
SIR 293 53.85998636888814 45 12 143
SIR 294 54.47317516859687 45 11 144
SIR 295 54.49917841771915 44 12 144
SIR 296 54.625461592860226 44 11 145
SIR 297 55.3663059138544 44 10 146
SIR 298 55.5591532764522 43 11 146
SIR 299 56.43991008661242 42 12 146
SIR 300 57.656654058801784 42 11 147
SIR 301 58.699743438580036 41 12 147
SIR 302 60.838925223796494 41 11 148
SIR 303 60.98646604834039 41 10 149
SIR 304 61.36159728255954 41 9 150
SIR 305 62.72140125442544 41 8 151
SIR 306 62.91567066207499 41 7 152
SIR 307 63.17279810496127 41 6 153
SIR 308 65.56966685468161 40 7 153
SIR 309 65.94480378244128 40 6 154
SIR 310 67.72297966966265 40 5 155
SIR 311 68.04082238552772 40 4 156
SIR 312 69.4995267592438 40 3 157
SIR 313 69.86273284741152 40 2 158
SIR 314 71.81378947263579 40 1 159
SIR 315 73.18916263441736 40 0 160
