action step time popS popI popR
- 0 0.0 195 5 0
SIR 1 1.9389256098880814 194 6 0
SIR 2 2.129647084623314 193 7 0
SIR 3 2.7488810948519085 192 8 0
SIR 4 3.2556110988955878 191 9 0
SIR 5 3.4579789342342204 190 10 0
SIR 6 3.784958858893244 189 11 0
SIR 7 3.8990264857469175 189 10 1
SIR 8 4.220419572610783 188 11 1
SIR 9 4.866984328084238 187 12 1
SIR 10 5.48215021729389 186 13 1
SIR 11 5.50745295456229 185 14 1
SIR 12 5.70929206870697 184 15 1
SIR 13 6.356940960571638 183 16 1
SIR 14 6.656856380431915 182 17 1
SIR 15 7.037501211186961 182 16 2
SIR 16 7.902027015027084 181 17 2
SIR 17 7.996870160698406 180 18 2
SIR 18 8.140990034130818 180 17 3
SIR 19 8.603208524704828 179 18 3
SIR 20 8.74652912826039 179 17 4
SIR 21 8.970524340033267 178 18 4
SIR 22 9.069758831982755 177 19 4
SIR 23 9.232927082058096 176 20 4
SIR 24 9.583603972372405 175 21 4
SIR 25 9.668257402557442 175 20 5
SIR 26 9.880082697423905 175 19 6
SIR 27 9.909501040171756 175 18 7
SIR 28 9.934015119616303 174 19 7
SIR 29 10.042204602818407 174 18 8
SIR 30 10.226401019725973 173 19 8
SIR 31 10.23708165362919 173 18 9
SIR 32 10.276347158318599 172 19 9
SIR 33 10.296855289064055 171 20 9
SIR 34 10.375376940603251 171 19 10
SIR 35 10.82525896589428 171 18 11
SIR 36 11.518628581163668 171 17 12
SIR 37 12.134600403827761 170 18 12
SIR 38 12.581894855705176 169 19 12
SIR 39 12.80732380020892 168 20 12
SIR 40 12.901696119419277 168 19 13
SIR 41 13.122348597437249 167 20 13
SIR 42 13.143743133047165 166 21 13
SIR 43 13.15006760294892 166 20 14
SIR 44 13.255531067384455 165 21 14
SIR 45 13.468333618421122 164 22 14
SIR 46 13.707044929393204 163 23 14
SIR 47 14.116201437750188 163 22 15
SIR 48 14.47357865042501 162 23 15
SIR 49 14.833763589542777 161 24 15
SIR 50 15.049043673881211 160 25 15
SIR 51 15.17368118044216 160 24 16
SIR 52 15.257202049476302 159 25 16
SIR 53 15.41512657259604 159 24 17
SIR 54 16.022994093400083 158 25 17
SIR 55 16.046479353172977 157 26 17
SIR 56 16.123115995001466 157 25 18
SIR 57 16.377962146685178 156 26 18
SIR 58 16.598062613675026 156 25 19
SIR 59 16.632863045651632 155 26 19
SIR 60 16.640259164154152 154 27 19
SIR 61 17.13762500744624 153 28 19
SIR 62 17.1674631292396 152 29 19
SIR 63 17.231612510717667 151 30 19
SIR 64 17.241500677323923 150 31 19
SIR 65 17.366193987124717 149 32 19
SIR 66 17.414674360529187 149 31 20
SIR 67 17.581307066006982 148 32 20
SIR 68 18.033682576405283 147 33 20
SIR 69 18.228202908440675 146 34 20
SIR 70 18.349923142837778 145 35 20
SIR 71 18.45689001553298 145 34 21
SIR 72 18.506805745212596 144 35 21
SIR 73 18.732067513792167 143 36 21
SIR 74 18.803809901620294 142 37 21
SIR 75 18.89653061113596 141 38 21
SIR 76 19.096666926827798 140 39 21
SIR 77 19.176957198438547 139 40 21
SIR 78 19.28593672308484 139 39 22
SIR 79 19.35349741556186 138 40 22
SIR 80 19.40735211232675 137 41 22
SIR 81 19.50311230336958 137 40 23
SIR 82 19.52265774930189 136 41 23
SIR 83 19.722591565516506 135 42 23
SIR 84 19.736602985759074 134 43 23
SIR 85 20.039861079527636 133 44 23
SIR 86 20.155788026817422 133 43 24
SIR 87 20.369420211874488 132 44 24
SIR 88 20.452713952976605 132 43 25
SIR 89 20.466342586378058 132 42 26
SIR 90 20.50173558360096 131 43 26
SIR 91 20.570843799690046 131 42 27
SIR 92 20.630656825489194 130 43 27
SIR 93 20.82513162873711 130 42 28
SIR 94 20.839094356814638 129 43 28
SIR 95 21.580648630097617 128 44 28
SIR 96 21.63496806109335 127 45 28
SIR 97 21.73141609806489 126 46 28
SIR 98 21.73968608104211 125 47 28
SIR 99 21.820101051068477 124 48 28
SIR 100 21.822099402522912 124 47 29
SIR 101 21.854743002987266 123 48 29
SIR 102 21.97794738078407 122 49 29
SIR 103 21.998149713623235 121 50 29
SIR 104 22.0241586537799 120 51 29
SIR 105 22.1099589204234 120 50 30
SIR 106 22.174670588196037 119 51 30
SIR 107 22.379287805352856 119 50 31
SIR 108 22.634220519266616 119 49 32
SIR 109 22.671691758548786 119 48 33
SIR 110 22.685652248240018 118 49 33
SIR 111 22.68750478127638 117 50 33
SIR 112 22.851765682491937 116 51 33
SIR 113 22.97340602997995 115 52 33
SIR 114 23.210082710992882 114 53 33
SIR 115 23.23916475552457 114 52 34
SIR 116 23.27581822215757 114 51 35
SIR 117 23.281227710653052 114 50 36
SIR 118 23.48128945718635 113 51 36
SIR 119 23.58685751236838 113 50 37
SIR 120 23.787828191025277 112 51 37
SIR 121 23.801478740791094 112 50 38
SIR 122 23.823268051879076 111 51 38
SIR 123 23.82912016834452 110 52 38
SIR 124 23.921043431290112 109 53 38
SIR 125 23.92695389875251 108 54 38
SIR 126 23.997714641967697 107 55 38
SIR 127 24.007050169074223 107 54 39
SIR 128 24.05538377860352 106 55 39
SIR 129 24.098231176773346 105 56 39
SIR 130 24.237230634664648 104 57 39
SIR 131 24.367957964647083 104 56 40
SIR 132 24.38389136534858 104 55 41
SIR 133 24.424184816917478 104 54 42
SIR 134 25.043781858903348 104 53 43
SIR 135 25.201315550165155 104 52 44
SIR 136 25.50752974834881 103 53 44
SIR 137 25.51501075735248 103 52 45
SIR 138 25.646733848172587 103 51 46
SIR 139 25.678223578674967 102 52 46
SIR 140 25.703754037237516 101 53 46
SIR 141 25.77477233020502 101 52 47
SIR 142 25.872000721295944 100 53 47
SIR 143 25.97096320090452 100 52 48
SIR 144 26.055731360319005 100 51 49
SIR 145 26.09036725592163 100 50 50
SIR 146 26.101608031489967 99 51 50
SIR 147 26.14094684887151 98 52 50
SIR 148 26.243781173340942 98 51 51
SIR 149 26.25196668388624 97 52 51
SIR 150 26.285993772191308 97 51 52
SIR 151 26.624916316965454 96 52 52
SIR 152 26.66672402310035 96 51 53
SIR 153 26.78215056404922 96 50 54
SIR 154 26.870111103825185 95 51 54
SIR 155 26.95298048176325 94 52 54
SIR 156 27.147548106827408 94 51 55
SIR 157 27.21863069110588 94 50 56
SIR 158 27.459391838092444 93 51 56
SIR 159 27.519898752178538 92 52 56
SIR 160 28.005926354521858 92 51 57
SIR 161 28.099152066408152 92 50 58
SIR 162 28.10742148509749 92 49 59
SIR 163 28.288631286387275 92 48 60
SIR 164 28.333572184267066 91 49 60
SIR 165 28.54328606932475 91 48 61
SIR 166 28.729662608492795 91 47 62
SIR 167 28.94670295716134 91 46 63
SIR 168 28.951254677461268 90 47 63
SIR 169 28.960652058373643 89 48 63
SIR 170 29.073322856238278 89 47 64
SIR 171 29.090865866891242 89 46 65
SIR 172 29.312087068459885 89 45 66
SIR 173 29.349112142334835 89 44 67
SIR 174 29.578997153767684 89 43 68
SIR 175 29.7153152115332 88 44 68
SIR 176 29.739533812746973 87 45 68
SIR 177 29.77192145033276 87 44 69
SIR 178 29.852689383519095 87 43 70
SIR 179 30.254804316505666 86 44 70
SIR 180 30.38618029286206 86 43 71
SIR 181 30.603999733599657 86 42 72
SIR 182 30.6801592348228 85 43 72
SIR 183 30.726786531271095 85 42 73
SIR 184 30.871679804360564 85 41 74
SIR 185 31.193236655744638 84 42 74
SIR 186 31.38078577959545 84 41 75
SIR 187 31.400100189602544 84 40 76
SIR 188 31.432107783457855 83 41 76
SIR 189 31.454704846900146 82 42 76
SIR 190 31.47524936492425 82 41 77
SIR 191 31.549982393086424 81 42 77
SIR 192 31.645619959233557 81 41 78
SIR 193 31.651256004667722 80 42 78
SIR 194 31.658779488131103 80 41 79
SIR 195 31.846206022784635 80 40 80
SIR 196 32.10193231395841 80 39 81
SIR 197 32.220750637140746 79 40 81
SIR 198 32.44574086931025 79 39 82
SIR 199 32.904102515886606 78 40 82
SIR 200 32.97879991525218 78 39 83
SIR 201 33.01235826313594 78 38 84
SIR 202 33.41845596137669 77 39 84
SIR 203 33.49614054943014 77 38 85
SIR 204 33.51094419712783 77 37 86
SIR 205 33.69821781417039 76 38 86
SIR 206 34.19242495557475 75 39 86
SIR 207 34.28767890884032 75 38 87
SIR 208 34.42725480770243 75 37 88
SIR 209 34.513009486385805 74 38 88
SIR 210 34.61523230896877 73 39 88
SIR 211 34.85382586190687 72 40 88
SIR 212 34.920178999648655 71 41 88
SIR 213 35.02586485576425 70 42 88
SIR 214 35.22656588051654 69 43 88
SIR 215 35.465005842243215 68 44 88
SIR 216 35.47345937939386 68 43 89
SIR 217 35.59265572888874 68 42 90
SIR 218 35.62367936798772 68 41 91
SIR 219 35.80730358469919 67 42 91
SIR 220 35.895470653632685 66 43 91
SIR 221 36.014058747008015 66 42 92
SIR 222 36.11491262535497 65 43 92
SIR 223 36.25717497196811 65 42 93
SIR 224 36.935195709343226 65 41 94
SIR 225 36.93916590783914 65 40 95
SIR 226 37.13051653932386 65 39 96
SIR 227 37.41950974349667 64 40 96
SIR 228 37.586592732443236 63 41 96
SIR 229 37.77359998786695 62 42 96
SIR 230 37.89174566790871 61 43 96
SIR 231 38.49895032691473 61 42 97
SIR 232 38.50181169460359 61 41 98
SIR 233 38.66691093733174 60 42 98
SIR 234 38.687671108690346 59 43 98
SIR 235 38.74583958629952 59 42 99
SIR 236 38.941863756369855 58 43 99
SIR 237 38.99933726611971 58 42 100
SIR 238 39.236952468093136 58 41 101
SIR 239 39.31212110731312 58 40 102
SIR 240 39.650769776942376 57 41 102
SIR 241 39.79488384943585 57 40 103
SIR 242 40.32190864425265 57 39 104
SIR 243 40.58232016969378 57 38 105
SIR 244 40.75515867747991 56 39 105
SIR 245 40.81417914130813 55 40 105
SIR 246 40.818269186072506 54 41 105
SIR 247 41.813990548241314 53 42 105
SIR 248 41.98186857778587 53 41 106
SIR 249 42.17952520933871 53 40 107
SIR 250 42.49360747917925 52 41 107
SIR 251 42.787614293580994 51 42 107
SIR 252 43.01507506622434 51 41 108
SIR 253 43.186565781538334 50 42 108
SIR 254 43.35827714250382 49 43 108
SIR 255 43.450981690097656 49 42 109
SIR 256 43.88930456968825 49 41 110
SIR 257 43.95618227948045 49 40 111
SIR 258 44.05078437427588 48 41 111
SIR 259 44.36697945356046 48 40 112
SIR 260 44.44564389135805 47 41 112
SIR 261 44.46892361687063 47 40 113
SIR 262 44.47333011389603 47 39 114
SIR 263 44.638873004377416 46 40 114
SIR 264 45.67436861668781 45 41 114
SIR 265 45.7019521385821 45 40 115
SIR 266 45.73137372900998 45 39 116
SIR 267 45.81448380601405 45 38 117
SIR 268 46.00020629281945 45 37 118
SIR 269 46.23862016416367 45 36 119
SIR 270 46.893541617816574 45 35 120
SIR 271 46.938382689452666 45 34 121
SIR 272 47.26363612781228 45 33 122
SIR 273 47.3080188532317 44 34 122
SIR 274 47.32744203872384 43 35 122
SIR 275 47.393431776695024 43 34 123
SIR 276 47.4378006826493 43 33 124
SIR 277 47.475444602073004 43 32 125
SIR 278 47.52179268766487 43 31 126
SIR 279 47.7424280206824 43 30 127
SIR 280 47.76003965312069 43 29 128
SIR 281 47.94620729832443 43 28 129
SIR 282 48.126098883865424 43 27 130
SIR 283 48.17554946864774 43 26 131
SIR 284 48.326718572914984 43 25 132
SIR 285 48.37898272264828 42 26 132
SIR 286 48.402670263258905 42 25 133
SIR 287 48.42265651671822 42 24 134
SIR 288 48.63493223172326 42 23 135
SIR 289 48.74567570159749 42 22 136
SIR 290 49.05881874195166 42 21 137
SIR 291 49.559979233591044 42 20 138
SIR 292 50.62616907766176 41 21 138
SIR 293 51.57788763143544 41 20 139
SIR 294 51.587583564853546 41 19 140
SIR 295 51.77314982772612 41 18 141
SIR 296 52.07322210876319 40 19 141
SIR 297 52.25704337950069 40 18 142
SIR 298 52.38643509025095 40 17 143
SIR 299 52.507389522621644 39 18 143
SIR 300 53.31988161174458 39 17 144
SIR 301 53.7507624557556 38 18 144
SIR 302 53.767880602239885 38 17 145
SIR 303 54.10673123786088 38 16 146
SIR 304 54.82035490473446 37 17 146
SIR 305 55.007463121083 37 16 147
SIR 306 55.69116289364247 37 15 148
SIR 307 55.812614026463756 36 16 148
SIR 308 55.85801136054417 35 17 148
SIR 309 55.862540694045755 35 16 149
SIR 310 55.94735193646601 35 15 150
SIR 311 56.834215662182096 35 14 151
SIR 312 57.08973143711573 34 15 151
SIR 313 57.13953166297641 34 14 152
SIR 314 57.319534014137986 34 13 153
SIR 315 57.43321376396339 34 12 154
SIR 316 57.694856072202576 33 13 154
SIR 317 57.804763358941536 33 12 155
SIR 318 59.43974571219828 33 11 156
SIR 319 59.58108443400122 32 12 156
SIR 320 60.357446183527756 32 11 157
SIR 321 60.89938502720847 31 12 157
SIR 322 61.377757430755956 31 11 158
SIR 323 61.647717846599896 31 10 159
SIR 324 62.05842793600262 31 9 160
SIR 325 62.40129313249727 30 10 160
SIR 326 64.10086976738431 30 9 161
SIR 327 64.98884383424358 30 8 162
SIR 328 65.39239711285174 29 9 162
SIR 329 65.56566064040972 29 8 163
SIR 330 67.91427516574483 29 7 164
SIR 331 68.00856063687004 29 6 165
SIR 332 68.34268099370557 29 5 166
SIR 333 69.18119704465622 29 4 167
SIR 334 72.18337736991691 29 3 168
SIR 335 75.1075183468739 29 2 169
SIR 336 75.58348447131506 28 3 169
SIR 337 77.42373120546736 28 2 170
SIR 338 78.33543369305475 28 1 171
SIR 339 108.82651412475485 27 2 171
SIR 340 114.94068069951045 27 1 172
SIR 341 117.20784018202332 27 0 173
