action step time popS popI popR
- 0 0.0 145 5 0
SIR 1 0.09387727421436132 145 4 1
SIR 2 1.4965039994083225 144 5 1
SIR 3 1.5489935036551334 143 6 1
SIR 4 3.8383740168420024 142 7 1
SIR 5 4.596313940220355 142 6 2
SIR 6 6.534251954886475 141 7 2
SIR 7 7.552633168098369 140 8 2
SIR 8 8.306713261254924 140 7 3
SIR 9 9.177808445132268 140 6 4
SIR 10 10.362898524581604 139 7 4
SIR 11 10.37805551340639 138 8 4
SIR 12 10.3797882051693 137 9 4
SIR 13 10.808130733435338 137 8 5
SIR 14 11.593742761386672 137 7 6
SIR 15 11.69629265967556 136 8 6
SIR 16 12.506448232991364 136 7 7
SIR 17 13.426163979368583 136 6 8
SIR 18 13.569622574717359 135 7 8
SIR 19 13.90216218415956 134 8 8
SIR 20 14.159931926373858 134 7 9
SIR 21 15.100415146424274 133 8 9
SIR 22 15.543030187511977 132 9 9
SIR 23 16.433680428176867 132 8 10
SIR 24 16.65670232263593 131 9 10
SIR 25 18.1381120109833 131 8 11
SIR 26 19.477185048240514 130 9 11
SIR 27 19.83585522275776 130 8 12
SIR 28 22.31560557229314 130 7 13
SIR 29 22.9645832499966 129 8 13
SIR 30 23.44260741393924 129 7 14
SIR 31 23.94560060676085 128 8 14
SIR 32 24.05444706022566 128 7 15
SIR 33 24.802856946650348 127 8 15
SIR 34 25.819926147182624 126 9 15
SIR 35 26.659975966168943 126 8 16
SIR 36 26.707022090507326 126 7 17
SIR 37 26.745884263047106 125 8 17
SIR 38 26.941587479068847 125 7 18
SIR 39 27.29222842750321 124 8 18
SIR 40 27.502434259865215 124 7 19
SIR 41 27.637817094203278 124 6 20
SIR 42 28.001817662265953 123 7 20
SIR 43 28.67466584043806 123 6 21
SIR 44 29.039113239373503 122 7 21
SIR 45 29.552036881655876 121 8 21
SIR 46 29.73781380142862 120 9 21
SIR 47 29.896852953543867 119 10 21
SIR 48 30.50109428515157 119 9 22
SIR 49 30.664766261578713 118 10 22
SIR 50 31.367292231796423 117 11 22
SIR 51 32.192236078728996 117 10 23
SIR 52 32.31642132585883 117 9 24
SIR 53 32.34104526794531 117 8 25
SIR 54 33.14580334730589 116 9 25
SIR 55 33.32202565434575 116 8 26
SIR 56 34.7784378870673 115 9 26
SIR 57 34.90183837860593 114 10 26
SIR 58 35.141836562437994 114 9 27
SIR 59 35.34946309887164 113 10 27
SIR 60 35.35844985393188 112 11 27
SIR 61 35.757507033829626 111 12 27
SIR 62 35.7657740022436 110 13 27
SIR 63 35.93593895009762 110 12 28
SIR 64 36.04010344360092 110 11 29
SIR 65 36.550277775892425 109 12 29
SIR 66 36.77527527345035 108 13 29
SIR 67 37.120923317837025 107 14 29
SIR 68 37.21207777574183 106 15 29
SIR 69 37.293368898428476 106 14 30
SIR 70 38.13296869982081 105 15 30
SIR 71 38.341056954860406 104 16 30
SIR 72 38.95883509045922 103 17 30
SIR 73 39.292516096321144 103 16 31
SIR 74 39.37490796047032 103 15 32
SIR 75 39.68963028278724 103 14 33
SIR 76 40.245420633016195 102 15 33
SIR 77 40.57477695335701 101 16 33
SIR 78 40.583620964676406 101 15 34
SIR 79 40.87906074152947 100 16 34
SIR 80 41.35248801644876 99 17 34
SIR 81 41.51683769059361 98 18 34
SIR 82 42.129342590270994 97 19 34
SIR 83 42.29523184853489 97 18 35
SIR 84 42.39817937026918 96 19 35
SIR 85 42.46781882006827 96 18 36
SIR 86 42.53202426508005 95 19 36
SIR 87 43.07971452654547 94 20 36
SIR 88 43.412677915399804 94 19 37
SIR 89 43.59810439565688 94 18 38
SIR 90 44.62383018022513 93 19 38
SIR 91 44.930839789902414 93 18 39
SIR 92 45.07344164628816 93 17 40
SIR 93 45.76312314164489 93 16 41
SIR 94 46.08167229929588 93 15 42
SIR 95 46.54546106443516 92 16 42
SIR 96 46.945621954438614 92 15 43
SIR 97 47.30542648162336 91 16 43
SIR 98 47.36035556322382 91 15 44
SIR 99 47.42710427619735 90 16 44
SIR 100 47.76284419821507 89 17 44
SIR 101 47.80135115159376 88 18 44
SIR 102 48.73722321561945 87 19 44
SIR 103 48.96429758177801 87 18 45
SIR 104 49.718309423614436 87 17 46
SIR 105 50.000017839431166 86 18 46
SIR 106 50.323549920944245 85 19 46
SIR 107 50.425543982296844 85 18 47
SIR 108 50.56648926485865 84 19 47
SIR 109 50.683273767024296 83 20 47
SIR 110 50.90288459424945 83 19 48
SIR 111 51.04133628030959 83 18 49
SIR 112 51.10719594619688 82 19 49
SIR 113 51.46010948309088 82 18 50
SIR 114 52.33354548858918 82 17 51
SIR 115 52.42266288629222 82 16 52
SIR 116 52.694965484371075 82 15 53
SIR 117 53.93514945890888 82 14 54
SIR 118 54.20435423377546 82 13 55
SIR 119 54.20865357841662 82 12 56
SIR 120 54.821285972155316 82 11 57
SIR 121 55.33869123675384 81 12 57
SIR 122 55.693209056430895 81 11 58
SIR 123 55.79967043642933 80 12 58
SIR 124 56.70171982913843 80 11 59
SIR 125 57.585602748651866 80 10 60
SIR 126 58.54900204151479 79 11 60
SIR 127 58.60718690030195 79 10 61
SIR 128 59.04372608647872 79 9 62
SIR 129 59.96955086846885 79 8 63
SIR 130 60.35853426880676 78 9 63
SIR 131 60.4318103983854 78 8 64
SIR 132 61.743877399851996 77 9 64
SIR 133 61.790135405476114 76 10 64
SIR 134 61.97876646212631 75 11 64
SIR 135 62.27726969386338 75 10 65
SIR 136 63.213533774494366 74 11 65
SIR 137 63.74626352758819 74 10 66
SIR 138 64.11720602293943 73 11 66
SIR 139 64.57992450142635 73 10 67
SIR 140 64.87092824876997 73 9 68
SIR 141 65.2714880824878 73 8 69
SIR 142 65.49168626847094 73 7 70
SIR 143 65.57670126385857 72 8 70
SIR 144 65.89280902983538 72 7 71
SIR 145 68.72585744155724 71 8 71
SIR 146 69.01218444069536 71 7 72
SIR 147 69.06685870586323 71 6 73
SIR 148 70.44719620116709 70 7 73
SIR 149 71.90079337728454 70 6 74
SIR 150 75.32097143194456 70 5 75
SIR 151 77.00516534685498 70 4 76
SIR 152 77.38964382236766 69 5 76
SIR 153 80.06501461239007 69 4 77
SIR 154 81.12206095055043 69 3 78
SIR 155 81.57562806419726 69 2 79
SIR 156 87.19987411772088 69 1 80
SIR 157 97.39058181981795 69 0 81
