action step time popS popI popR
- 0 0.0 195 5 0
SIR 1 1.405087037407195 195 4 1
SIR 2 1.7483279174935271 194 5 1
SIR 3 2.088029597257102 193 6 1
SIR 4 2.816022796516198 193 5 2
SIR 5 3.1402573196374646 193 4 3
SIR 6 3.599383338803853 192 5 3
SIR 7 3.662688100492022 191 6 3
SIR 8 5.863655589256744 190 7 3
SIR 9 6.637411166690134 189 8 3
SIR 10 7.652028543623334 188 9 3
SIR 11 7.7817972436495255 187 10 3
SIR 12 7.868290381511107 187 9 4
SIR 13 8.463508246746143 186 10 4
SIR 14 8.72298104308354 186 9 5
SIR 15 8.862677716617359 185 10 5
SIR 16 9.254798237765318 184 11 5
SIR 17 9.355304713223708 184 10 6
SIR 18 9.532983669021268 184 9 7
SIR 19 9.59051246268759 184 8 8
SIR 20 10.851100289491518 184 7 9
SIR 21 10.975584434653321 183 8 9
SIR 22 11.140641919941617 183 7 10
SIR 23 11.231494114926601 183 6 11
SIR 24 11.533267833083588 182 7 11
SIR 25 11.74891318971411 182 6 12
SIR 26 13.560819885095668 182 5 13
SIR 27 13.979635721373699 181 6 13
SIR 28 14.71638357859218 180 7 13
SIR 29 14.936411698367104 180 6 14
SIR 30 15.353136156489947 179 7 14
SIR 31 15.499837177953204 179 6 15
SIR 32 15.542261956547891 178 7 15
SIR 33 15.659428027461075 177 8 15
SIR 34 16.318991491323015 176 9 15
SIR 35 16.502790274574213 175 10 15
SIR 36 17.42391904126048 174 11 15
SIR 37 17.719903150116366 173 12 15
SIR 38 17.735005655734508 173 11 16
SIR 39 17.888750790333276 172 12 16
SIR 40 18.193836192291286 171 13 16
SIR 41 18.26051251542596 171 12 17
SIR 42 19.165984759060997 170 13 17
SIR 43 19.402304923936107 169 14 17
SIR 44 19.50863256870276 168 15 17
SIR 45 19.989736097948224 167 16 17
SIR 46 20.276375312369403 167 15 18
SIR 47 20.595133821139132 166 16 18
SIR 48 20.70293947564221 166 15 19
SIR 49 21.04251638815497 165 16 19
SIR 50 21.69942326061855 165 15 20
SIR 51 21.757263696905056 165 14 21
SIR 52 22.30459567823486 165 13 22
SIR 53 22.9891482544185 164 14 22
SIR 54 23.10954170324055 164 13 23
SIR 55 23.199964218204922 163 14 23
SIR 56 23.772224270543244 162 15 23
SIR 57 23.97766314177829 161 16 23
SIR 58 24.120645481051042 160 17 23
SIR 59 24.720131906117743 160 16 24
SIR 60 24.783049888336553 159 17 24
SIR 61 24.891003176996637 159 16 25
SIR 62 24.95844065974631 159 15 26
SIR 63 25.06176904562927 158 16 26
SIR 64 25.4684800399041 158 15 27
SIR 65 25.591347214829646 158 14 28
SIR 66 25.668399617996307 157 15 28
SIR 67 25.95434000393862 156 16 28
SIR 68 26.247665172377385 155 17 28
SIR 69 26.319455212154683 154 18 28
SIR 70 26.35597715677215 154 17 29
SIR 71 26.809465131859042 153 18 29
SIR 72 26.831505820648207 152 19 29
SIR 73 26.859688301613804 151 20 29
SIR 74 27.230324678398308 150 21 29
SIR 75 27.236505024935944 149 22 29
SIR 76 27.253724008476947 148 23 29
SIR 77 27.277422475255996 147 24 29
SIR 78 27.546652786456495 146 25 29
SIR 79 27.876327337870908 145 26 29
SIR 80 28.12409180459716 144 27 29
SIR 81 28.181790746304593 143 28 29
SIR 82 28.596684614993563 142 29 29
SIR 83 28.682944285602122 142 28 30
SIR 84 28.8501610625465 141 29 30
SIR 85 28.93298662220993 140 30 30
SIR 86 29.398216384875987 140 29 31
SIR 87 29.45721646235234 140 28 32
SIR 88 29.51280830796787 139 29 32
SIR 89 29.61591832211368 138 30 32
SIR 90 29.74525872726016 137 31 32
SIR 91 29.745739060939545 137 30 33
SIR 92 29.937891241194222 136 31 33
SIR 93 30.060994749222804 136 30 34
SIR 94 30.341171002342513 135 31 34
SIR 95 30.375211893044483 134 32 34
SIR 96 30.738143505587335 133 33 34
SIR 97 30.767018588548936 133 32 35
SIR 98 30.92209944564318 132 33 35
SIR 99 30.981030045733263 131 34 35
SIR 100 30.984449280905004 130 35 35
SIR 101 31.196477404490167 130 34 36
SIR 102 31.29689437755338 129 35 36
SIR 103 31.500781890425785 128 36 36
SIR 104 31.659648096090763 128 35 37
SIR 105 32.14835087071168 127 36 37
SIR 106 32.39172273690289 126 37 37
SIR 107 32.401418706970965 125 38 37
SIR 108 32.578329032094985 125 37 38
SIR 109 32.77196767937122 124 38 38
SIR 110 32.79373997702785 123 39 38
SIR 111 32.817598810564014 122 40 38
SIR 112 32.88122230329906 121 41 38
SIR 113 32.92091246777255 121 40 39
SIR 114 33.106904463886295 121 39 40
SIR 115 33.12857141718238 121 38 41
SIR 116 33.37024386895665 120 39 41
SIR 117 33.49042207254316 119 40 41
SIR 118 33.541918840617846 118 41 41
SIR 119 33.74903474853449 118 40 42
SIR 120 33.869807600282265 117 41 42
SIR 121 34.15063530969319 117 40 43
SIR 122 34.256996362878255 116 41 43
SIR 123 34.47401658703461 115 42 43
SIR 124 34.73068697498508 115 41 44
SIR 125 35.138189780288556 114 42 44
SIR 126 35.17332710525038 113 43 44
SIR 127 35.18906026050268 113 42 45
SIR 128 35.20348242399018 112 43 45
SIR 129 35.27713469848323 112 42 46
SIR 130 35.31718558921132 111 43 46
SIR 131 35.38798175447198 110 44 46
SIR 132 35.43467553459949 109 45 46
SIR 133 35.471726806036756 108 46 46
SIR 134 35.520997673011514 108 45 47
SIR 135 36.060370455953596 108 44 48
SIR 136 36.25490236850983 107 45 48
SIR 137 36.34590827857799 106 46 48
SIR 138 36.76166185199083 105 47 48
SIR 139 36.98926670391746 105 46 49
SIR 140 37.20412415604079 105 45 50
SIR 141 37.23560738497221 105 44 51
SIR 142 37.303964970495976 105 43 52
SIR 143 37.31120826337326 105 42 53
SIR 144 37.45704935511976 104 43 53
SIR 145 37.604638010202216 104 42 54
SIR 146 37.64987202857399 104 41 55
SIR 147 37.67821495181204 104 40 56
SIR 148 37.90122780747713 103 41 56
SIR 149 37.950202994840346 102 42 56
SIR 150 37.998965871235235 101 43 56
SIR 151 38.317412195635484 100 44 56
SIR 152 38.364167129932476 100 43 57
SIR 153 38.41483004956897 100 42 58
SIR 154 38.49513485262503 100 41 59
SIR 155 38.5305970243825 99 42 59
SIR 156 38.535654289936616 98 43 59
SIR 157 38.828084562327874 98 42 60
SIR 158 39.16084830395098 98 41 61
SIR 159 39.29709157323314 97 42 61
SIR 160 39.36786052227139 97 41 62
SIR 161 39.38534888852815 96 42 62
SIR 162 39.416894504006606 96 41 63
SIR 163 39.512764997720026 96 40 64
SIR 164 39.91630312393262 96 39 65
SIR 165 39.95450248901843 96 38 66
SIR 166 40.0828812074144 96 37 67
SIR 167 40.11491785976907 96 36 68
SIR 168 40.13011174425511 95 37 68
SIR 169 40.39494024669507 95 36 69
SIR 170 40.411784065869824 95 35 70
SIR 171 40.506845511388256 95 34 71
SIR 172 40.639367874576486 95 33 72
SIR 173 40.78582779802882 94 34 72
SIR 174 40.98349888527411 93 35 72
SIR 175 41.15870410851487 92 36 72
SIR 176 41.187033992672475 91 37 72
SIR 177 41.41832230195696 91 36 73
SIR 178 41.83770738759134 90 37 73
SIR 179 41.957157752205745 90 36 74
SIR 180 42.10415964902836 89 37 74
SIR 181 42.200882074968426 88 38 74
SIR 182 42.30364702984513 87 39 74
SIR 183 42.355290514379035 86 40 74
SIR 184 42.425632526217655 86 39 75
SIR 185 42.54579175783653 86 38 76
SIR 186 42.78719922440709 86 37 77
SIR 187 42.87210585487109 86 36 78
SIR 188 42.92458099771804 85 37 78
SIR 189 43.000498844252 85 36 79
SIR 190 43.02870509854305 85 35 80
SIR 191 43.1479863020387 85 34 81
SIR 192 43.281737587997675 84 35 81
SIR 193 43.40944595672534 83 36 81
SIR 194 43.60095041498642 83 35 82
SIR 195 43.66533060520392 82 36 82
SIR 196 44.39060322628516 81 37 82
SIR 197 44.42170516211687 81 36 83
SIR 198 44.48743143784575 81 35 84
SIR 199 45.04171638120115 80 36 84
SIR 200 45.28235536976409 79 37 84
SIR 201 45.40622800834774 78 38 84
SIR 202 45.82292100600335 77 39 84
SIR 203 45.9870170697022 76 40 84
SIR 204 46.19291238119699 75 41 84
SIR 205 46.358313590231475 75 40 85
SIR 206 46.38987387590589 74 41 85
SIR 207 46.39110444768173 73 42 85
SIR 208 46.87166519545358 72 43 85
SIR 209 46.90068957874932 71 44 85
SIR 210 47.08121286715137 71 43 86
SIR 211 47.09190522148246 70 44 86
SIR 212 47.13186726693885 69 45 86
SIR 213 47.23322170500068 69 44 87
SIR 214 47.489992607670324 68 45 87
SIR 215 47.51254972287652 68 44 88
SIR 216 47.560292044383395 67 45 88
SIR 217 47.87188043743115 66 46 88
SIR 218 47.95232679809831 65 47 88
SIR 219 48.040500147738754 65 46 89
SIR 220 48.09330929248194 65 45 90
SIR 221 48.191982388103 65 44 91
SIR 222 48.30067606979005 65 43 92
SIR 223 48.30517041074155 65 42 93
SIR 224 48.309547863129 65 41 94
SIR 225 48.597538058152686 64 42 94
SIR 226 48.71541672387466 64 41 95
SIR 227 48.89512052439615 63 42 95
SIR 228 48.89961558550599 63 41 96
SIR 229 49.02478207576661 63 40 97
SIR 230 49.2161341642867 63 39 98
SIR 231 49.22623013761221 63 38 99
SIR 232 49.63375430857684 62 39 99
SIR 233 49.75924957719133 62 38 100
SIR 234 49.8683023347444 62 37 101
SIR 235 49.95303061090643 61 38 101
SIR 236 50.0771832002818 61 37 102
SIR 237 50.23661200187936 60 38 102
SIR 238 50.715318895997974 59 39 102
SIR 239 50.88053384193664 59 38 103
SIR 240 51.16547801247261 58 39 103
SIR 241 51.41083906314546 58 38 104
SIR 242 51.51894534758976 58 37 105
SIR 243 51.61841963044352 58 36 106
SIR 244 51.68402508151675 57 37 106
SIR 245 52.506769077902696 57 36 107
SIR 246 52.695716946034224 56 37 107
SIR 247 52.84828738458772 55 38 107
SIR 248 53.06943744410451 55 37 108
SIR 249 53.081173399556235 54 38 108
SIR 250 53.18439905093748 53 39 108
SIR 251 53.231699267078326 52 40 108
SIR 252 53.70234327856737 52 39 109
SIR 253 53.719093986555244 52 38 110
SIR 254 53.72256836207426 52 37 111
SIR 255 53.88716952718205 51 38 111
SIR 256 54.11633293069241 50 39 111
SIR 257 54.11704189712273 49 40 111
SIR 258 54.290977954709966 49 39 112
SIR 259 54.67897611293249 48 40 112
SIR 260 54.9038604160043 48 39 113
SIR 261 55.12350074725963 47 40 113
SIR 262 55.27006062602767 46 41 113
SIR 263 55.394950568417165 45 42 113
SIR 264 55.44179021496882 44 43 113
SIR 265 55.46093542053164 44 42 114
SIR 266 55.782733287393924 44 41 115
SIR 267 55.904575246057014 43 42 115
SIR 268 56.1199688646814 43 41 116
SIR 269 56.166589374259374 43 40 117
SIR 270 56.22280936986883 43 39 118
SIR 271 56.737481956984055 42 40 118
SIR 272 56.907208732104245 42 39 119
SIR 273 56.92092022731044 42 38 120
SIR 274 57.16656544192526 42 37 121
SIR 275 57.27466771100582 42 36 122
SIR 276 57.302132442879376 41 37 122
SIR 277 57.46878238236679 41 36 123
SIR 278 57.61943041713715 40 37 123
SIR 279 57.72974052975795 40 36 124
SIR 280 57.82242547645393 40 35 125
SIR 281 58.15267939146466 40 34 126
SIR 282 58.330803754600126 40 33 127
SIR 283 58.85521994110196 40 32 128
SIR 284 59.002519600790485 40 31 129
SIR 285 59.34025895462042 40 30 130
SIR 286 59.83030932626109 40 29 131
SIR 287 59.85579330375601 40 28 132
SIR 288 59.857614130662995 39 29 132
SIR 289 60.1201382910652 39 28 133
SIR 290 60.85000483294285 39 27 134
SIR 291 60.99817128580898 39 26 135
SIR 292 61.28553055334192 39 25 136
SIR 293 61.759056458103544 38 26 136
SIR 294 61.94907512498819 38 25 137
SIR 295 63.04825738392728 38 24 138
SIR 296 63.46727815738684 38 23 139
SIR 297 63.48672302100978 38 22 140
SIR 298 64.43904684857388 37 23 140
SIR 299 64.74942305290523 37 22 141
SIR 300 64.91246102031438 37 21 142
SIR 301 65.5701453209203 37 20 143
SIR 302 66.05574899233962 37 19 144
SIR 303 66.12502208718193 37 18 145
SIR 304 66.38030821796606 37 17 146
SIR 305 66.52651496405215 36 18 146
SIR 306 67.09083278916636 35 19 146
SIR 307 67.27363566709123 35 18 147
SIR 308 67.57475841731828 35 17 148
SIR 309 68.13526829194507 35 16 149
SIR 310 68.16706896460582 34 17 149
SIR 311 68.25678681724565 34 16 150
SIR 312 68.91248205738485 34 15 151
SIR 313 68.98287060339467 34 14 152
SIR 314 69.09907129861645 34 13 153
SIR 315 70.16532910228509 34 12 154
SIR 316 71.48793499075457 34 11 155
SIR 317 71.57640973682506 34 10 156
SIR 318 71.64869846371944 34 9 157
SIR 319 72.08095261715201 34 8 158
SIR 320 73.69465595318871 34 7 159
SIR 321 75.25139506751219 33 8 159
SIR 322 75.29191522283288 32 9 159
SIR 323 78.04067035965275 31 10 159
SIR 324 78.06250842287602 30 11 159
SIR 325 79.50197845490356 30 10 160
SIR 326 79.5469786992575 29 11 160
SIR 327 79.65117558978102 29 10 161
SIR 328 81.17832498172609 29 9 162
SIR 329 81.85166448419852 29 8 163
SIR 330 82.0981107965959 29 7 164
SIR 331 82.3978286646286 29 6 165
SIR 332 83.35330805021869 29 5 166
SIR 333 83.46952553447548 29 4 167
SIR 334 87.50365568123539 29 3 168
SIR 335 94.49114606839913 29 2 169
SIR 336 95.7392231603288 29 1 170
SIR 337 104.23188381886935 29 0 171
