action step time popS popI popR
- 0 0.0 195 5 0
SIR 1 0.09823314859366533 194 6 0
SIR 2 0.37765069677888646 193 7 0
SIR 3 0.5823622871582534 192 8 0
SIR 4 1.991754649152963 191 9 0
SIR 5 2.2561215206024148 190 10 0
SIR 6 2.61009473089578 189 11 0
SIR 7 2.6684459253618824 189 10 1
SIR 8 3.548056500206404 188 11 1
SIR 9 5.172141658526958 188 10 2
SIR 10 5.188452503149675 187 11 2
SIR 11 5.722017545750532 186 12 2
SIR 12 6.0620622982729895 185 13 2
SIR 13 6.08629320653529 185 12 3
SIR 14 6.100711892512147 184 13 3
SIR 15 6.2314107501647555 183 14 3
SIR 16 6.446068176373602 183 13 4
SIR 17 6.53869282807851 182 14 4
SIR 18 7.095795769484141 181 15 4
SIR 19 7.153578340779894 181 14 5
SIR 20 7.340532617532436 180 15 5
SIR 21 7.604968618200628 180 14 6
SIR 22 7.722023452098844 180 13 7
SIR 23 7.993085453630828 179 14 7
SIR 24 8.050857176682182 178 15 7
SIR 25 8.531073535033219 177 16 7
SIR 26 8.779397747478956 177 15 8
SIR 27 8.899877402310075 176 16 8
SIR 28 9.092081425537776 175 17 8
SIR 29 9.112081455235312 174 18 8
SIR 30 9.280295466275298 174 17 9
SIR 31 9.480446884650652 173 18 9
SIR 32 9.523723690238604 172 19 9
SIR 33 9.593698337976834 172 18 10
SIR 34 9.842997820307179 171 19 10
SIR 35 10.050931572580378 171 18 11
SIR 36 10.079725895689956 170 19 11
SIR 37 10.192307095031774 170 18 12
SIR 38 10.25781026281306 169 19 12
SIR 39 10.41945648347677 168 20 12
SIR 40 10.482161995296078 167 21 12
SIR 41 10.78383280944253 167 20 13
SIR 42 10.860032435580797 167 19 14
SIR 43 10.933609285100523 166 20 14
SIR 44 11.120139407274404 165 21 14
SIR 45 11.223324944418804 164 22 14
SIR 46 11.263718279505637 164 21 15
SIR 47 11.29258519157356 163 22 15
SIR 48 11.456161081057786 163 21 16
SIR 49 11.501262851779487 162 22 16
SIR 50 11.521497572770828 161 23 16
SIR 51 11.529730634547718 161 22 17
SIR 52 11.57604981670526 160 23 17
SIR 53 11.719022610264204 159 24 17
SIR 54 11.916498191474679 158 25 17
SIR 55 12.020047883953609 158 24 18
SIR 56 12.168754722128217 157 25 18
SIR 57 13.009701136432321 156 26 18
SIR 58 13.217183964567331 155 27 18
SIR 59 13.499343933348937 154 28 18
SIR 60 13.801820305707238 154 27 19
SIR 61 13.81976232843193 154 26 20
SIR 62 14.124214151605674 154 25 21
SIR 63 14.332174774453108 154 24 22
SIR 64 14.586443714811539 153 25 22
SIR 65 14.676698498630866 153 24 23
SIR 66 14.768803307937711 153 23 24
SIR 67 14.967842355748962 152 24 24
SIR 68 15.03314232895113 151 25 24
SIR 69 15.039034854734139 150 26 24
SIR 70 15.23499859385506 149 27 24
SIR 71 15.286890128227009 148 28 24
SIR 72 15.906237363897121 148 27 25
SIR 73 15.91628433776774 147 28 25
SIR 74 15.957620036627594 147 27 26
SIR 75 16.2286480891228 146 28 26
SIR 76 16.529854213270724 145 29 26
SIR 77 16.735316300739985 144 30 26
SIR 78 16.802294390359165 143 31 26
SIR 79 17.065564130625223 142 32 26
SIR 80 17.156226770242824 141 33 26
SIR 81 17.35747157639273 140 34 26
SIR 82 17.71182571574533 139 35 26
SIR 83 17.73747263346282 138 36 26
SIR 84 17.76514993270277 137 37 26
SIR 85 17.824933294733846 137 36 27
SIR 86 17.92772517985549 137 35 28
SIR 87 17.930002730651246 136 36 28
SIR 88 18.238211636458484 136 35 29
SIR 89 18.604259489774783 135 36 29
SIR 90 18.687313688692356 135 35 30
SIR 91 18.815183081951457 135 34 31
SIR 92 18.842065798873485 134 35 31
SIR 93 18.891143586114577 133 36 31
SIR 94 18.935893566782866 133 35 32
SIR 95 18.992587508744837 133 34 33
SIR 96 19.342448860381957 132 35 33
SIR 97 19.412247545575376 132 34 34
SIR 98 19.64818748052755 131 35 34
SIR 99 19.702190374623576 131 34 35
SIR 100 19.735801233658147 131 33 36
SIR 101 19.941020569347838 131 32 37
SIR 102 19.968402864662764 131 31 38
SIR 103 20.16087543342765 130 32 38
SIR 104 20.55665930752551 129 33 38
SIR 105 20.677475438308814 128 34 38
SIR 106 21.011511183478323 128 33 39
SIR 107 21.13912972435769 128 32 40
SIR 108 21.25331383733255 128 31 41
SIR 109 21.288978667580118 127 32 41
SIR 110 21.325278986740145 126 33 41
SIR 111 21.40925856916026 125 34 41
SIR 112 21.508624337187833 125 33 42
SIR 113 21.755540931579517 124 34 42
SIR 114 21.765584317783745 123 35 42
SIR 115 21.989665755797308 123 34 43
SIR 116 22.12775334465409 122 35 43
SIR 117 22.331524883639094 121 36 43
SIR 118 22.348748203435587 120 37 43
SIR 119 22.386414023199094 119 38 43
SIR 120 22.456525400044967 118 39 43
SIR 121 22.460412594571864 117 40 43
SIR 122 22.61634961418227 116 41 43
SIR 123 22.67159727451808 115 42 43
SIR 124 22.686005965967674 114 43 43
SIR 125 22.808921383232644 114 42 44
SIR 126 23.350685005277338 113 43 44
SIR 127 23.377272681226646 112 44 44
SIR 128 23.50152296495088 112 43 45
SIR 129 23.64821011755937 111 44 45
SIR 130 23.660575404409315 110 45 45
SIR 131 23.67374853478071 110 44 46
SIR 132 23.713297991293967 110 43 47
SIR 133 23.796848116519975 110 42 48
SIR 134 24.055817365625167 110 41 49
SIR 135 24.090075157590874 109 42 49
SIR 136 24.107293016387985 108 43 49
SIR 137 24.186533857727184 108 42 50
SIR 138 24.215622986449787 107 43 50
SIR 139 24.262964860998995 106 44 50
SIR 140 24.305915268228425 106 43 51
SIR 141 24.331969678351076 106 42 52
SIR 142 24.626013573762183 105 43 52
SIR 143 24.722872988591902 105 42 53
SIR 144 24.79447352231164 104 43 53
SIR 145 24.826593613557783 103 44 53
SIR 146 24.984949201945888 102 45 53
SIR 147 25.00150705417235 101 46 53
SIR 148 25.04814719053064 100 47 53
SIR 149 25.06628401824289 100 46 54
SIR 150 25.243764369312704 99 47 54
SIR 151 25.433104329907305 98 48 54
SIR 152 25.451034392032984 97 49 54
SIR 153 25.502018238008944 96 50 54
SIR 154 25.766583580174096 95 51 54
SIR 155 25.95568717796092 94 52 54
SIR 156 25.96859731471366 93 53 54
SIR 157 26.03002874651804 92 54 54
SIR 158 26.092431696832154 91 55 54
SIR 159 26.10855608892247 90 56 54
SIR 160 26.151214988989373 89 57 54
SIR 161 26.235271366394453 89 56 55
SIR 162 26.29744519749921 88 57 55
SIR 163 26.32759850164259 88 56 56
SIR 164 26.376643416191957 88 55 57
SIR 165 26.419339612821325 88 54 58
SIR 166 26.52667312665147 88 53 59
SIR 167 26.811390283581485 87 54 59
SIR 168 26.84175656244141 87 53 60
SIR 169 26.89278472804792 86 54 60
SIR 170 27.143307801637086 85 55 60
SIR 171 27.216383530772518 85 54 61
SIR 172 27.482680127609992 84 55 61
SIR 173 27.593569881786987 83 56 61
SIR 174 27.688175580070585 83 55 62
SIR 175 27.97051331097628 83 54 63
SIR 176 28.069474134844153 82 55 63
SIR 177 28.180830229232235 82 54 64
SIR 178 28.244947951325777 82 53 65
SIR 179 28.29209846787323 82 52 66
SIR 180 28.405756847992368 82 51 67
SIR 181 28.549653258406476 81 52 67
SIR 182 28.73669945244594 81 51 68
SIR 183 28.83199067983952 81 50 69
SIR 184 28.928257973755706 81 49 70
SIR 185 28.98918963728396 81 48 71
SIR 186 29.178865720153564 81 47 72
SIR 187 29.302425022606993 80 48 72
SIR 188 29.34232474694086 80 47 73
SIR 189 29.465456570368747 79 48 73
SIR 190 29.598982503265947 78 49 73
SIR 191 29.60555088628497 78 48 74
SIR 192 29.772482327192606 78 47 75
SIR 193 29.822154446718205 78 46 76
SIR 194 29.927985258380357 77 47 76
SIR 195 29.946500388095654 77 46 77
SIR 196 30.326616024700307 77 45 78
SIR 197 30.405368815759992 77 44 79
SIR 198 30.489343241383228 77 43 80
SIR 199 30.504071537866928 76 44 80
SIR 200 30.638585810203676 75 45 80
SIR 201 30.734873107340047 75 44 81
SIR 202 30.7532983729376 75 43 82
SIR 203 30.79510053915243 75 42 83
SIR 204 30.826548165411346 75 41 84
SIR 205 30.86033304580763 75 40 85
SIR 206 30.925342376739327 75 39 86
SIR 207 30.958985916380318 75 38 87
SIR 208 30.97485753360014 75 37 88
SIR 209 31.0661094109095 75 36 89
SIR 210 31.12986718381233 75 35 90
SIR 211 31.258730685456452 74 36 90
SIR 212 31.858004321032247 74 35 91
SIR 213 31.877226832772 74 34 92
SIR 214 31.88823348590448 74 33 93
SIR 215 31.924164481084354 74 32 94
SIR 216 32.23100034318038 74 31 95
SIR 217 32.95646412437798 74 30 96
SIR 218 33.36935083010904 73 31 96
SIR 219 33.55892903768836 73 30 97
SIR 220 33.7251348400655 72 31 97
SIR 221 34.596087805763474 71 32 97
SIR 222 34.620745078132174 71 31 98
SIR 223 34.91788303403606 71 30 99
SIR 224 35.016579641195335 70 31 99
SIR 225 35.21168484977146 70 30 100
SIR 226 35.24563968884028 69 31 100
SIR 227 35.40140654693817 68 32 100
SIR 228 35.55244188113194 67 33 100
SIR 229 35.567422081524434 66 34 100
SIR 230 35.644738637275374 66 33 101
SIR 231 35.763748122520305 66 32 102
SIR 232 35.812611566246574 66 31 103
SIR 233 35.9141701830566 66 30 104
SIR 234 36.37246398889094 66 29 105
SIR 235 36.5705199630057 66 28 106
SIR 236 36.632224987516686 65 29 106
SIR 237 36.93500096970778 64 30 106
SIR 238 37.071549852026024 64 29 107
SIR 239 37.139373591904416 64 28 108
SIR 240 37.2121317732478 64 27 109
SIR 241 37.38571730145976 64 26 110
SIR 242 37.482781688598344 64 25 111
SIR 243 37.66656542560784 63 26 111
SIR 244 38.59185143367044 63 25 112
SIR 245 39.1338589430972 63 24 113
SIR 246 39.30532067880856 63 23 114
SIR 247 39.71280185952838 63 22 115
SIR 248 40.00704145578379 62 23 115
SIR 249 40.06913323027939 62 22 116
SIR 250 40.61744897244377 61 23 116
SIR 251 41.12804979436584 61 22 117
SIR 252 41.22878899103163 61 21 118
SIR 253 42.08546608339117 60 22 118
SIR 254 42.40247871687703 60 21 119
SIR 255 42.43868365180339 60 20 120
SIR 256 42.94621507646217 60 19 121
SIR 257 43.63671998314471 59 20 121
SIR 258 43.71041652187462 58 21 121
SIR 259 43.784748260058464 58 20 122
SIR 260 43.985847025891125 58 19 123
SIR 261 44.27785165629232 57 20 123
SIR 262 44.315929720655674 57 19 124
SIR 263 44.389974643335705 56 20 124
SIR 264 44.39830099963635 55 21 124
SIR 265 44.542821394753204 55 20 125
SIR 266 44.679499419414064 55 19 126
SIR 267 44.76593667943971 55 18 127
SIR 268 44.99415240749286 54 19 127
SIR 269 45.12172486092738 54 18 128
SIR 270 45.186396280960075 54 17 129
SIR 271 45.23263490271437 54 16 130
SIR 272 45.40350633826511 53 17 130
SIR 273 46.02830123963234 53 16 131
SIR 274 46.450512065181734 52 17 131
SIR 275 46.492918171081776 52 16 132
SIR 276 46.51333953295359 52 15 133
SIR 277 46.642308112120226 51 16 133
SIR 278 46.82344220075915 51 15 134
SIR 279 46.98314474792691 51 14 135
SIR 280 46.989942113628466 50 15 135
SIR 281 47.14520114550015 50 14 136
SIR 282 47.29174031252976 49 15 136
SIR 283 48.04887012886425 48 16 136
SIR 284 48.10699126635517 48 15 137
SIR 285 48.28881697355178 48 14 138
SIR 286 48.71864867992096 47 15 138
SIR 287 49.193794885828815 47 14 139
SIR 288 49.53134169569093 47 13 140
SIR 289 51.12595030827966 46 14 140
SIR 290 51.856771579083144 46 13 141
SIR 291 54.61400021809723 45 14 141
SIR 292 56.78762100263457 45 13 142
SIR 293 57.35301533846502 45 12 143
SIR 294 58.4787563352832 45 11 144
SIR 295 58.780108900633955 45 10 145
SIR 296 60.29735889889151 44 11 145
SIR 297 60.92400680404931 44 10 146
SIR 298 61.485039861608584 44 9 147
SIR 299 62.38604225646425 44 8 148
SIR 300 63.275982893688976 44 7 149
SIR 301 66.45008202832926 44 6 150
SIR 302 67.53280636327065 44 5 151
SIR 303 68.96551881581898 44 4 152
SIR 304 72.64521616574362 43 5 152
SIR 305 75.0583734491495 43 4 153
SIR 306 75.94007031284933 43 3 154
SIR 307 77.7271435424478 43 2 155
SIR 308 78.02029939080872 42 3 155
SIR 309 81.27837864652895 41 4 155
SIR 310 84.02959870267404 40 5 155
SIR 311 84.38463474898774 39 6 155
SIR 312 88.09991067805417 38 7 155
SIR 313 88.19213099416834 37 8 155
SIR 314 90.98259779125517 37 7 156
SIR 315 91.86367976528823 36 8 156
SIR 316 92.00684626552399 36 7 157
SIR 317 95.95690243572129 36 6 158
SIR 318 96.05098372428985 36 5 159
SIR 319 97.60627288188144 36 4 160
SIR 320 98.53711261322199 36 3 161
SIR 321 99.83850771078787 36 2 162
SIR 322 109.1217180009843 36 1 163
SIR 323 135.86072839588695 36 0 164
