action step time popS popI popR
- 0 0.0 145 5 0
SIR 1 0.35105145160295387 144 6 0
SIR 2 0.4388111363406717 143 7 0
SIR 3 1.953177198388647 142 8 0
SIR 4 2.5504591110169965 141 9 0
SIR 5 2.942656518973336 140 10 0
SIR 6 3.04291755859272 139 11 0
SIR 7 3.3728400189442573 138 12 0
SIR 8 3.504335053483561 137 13 0
SIR 9 3.6600682635598654 136 14 0
SIR 10 4.24301482641566 136 13 1
SIR 11 4.474163556848583 136 12 2
SIR 12 4.64116160483777 135 13 2
SIR 13 5.186616274146646 134 14 2
SIR 14 5.595213064177689 134 13 3
SIR 15 5.605002434909558 134 12 4
SIR 16 6.308294435256445 133 13 4
SIR 17 6.418931180564851 132 14 4
SIR 18 6.811009555212689 131 15 4
SIR 19 7.05164423556025 130 16 4
SIR 20 7.246141111019408 129 17 4
SIR 21 7.3631759167719615 129 16 5
SIR 22 7.467819354662475 128 17 5
SIR 23 7.565719251776558 128 16 6
SIR 24 7.628137697504938 128 15 7
SIR 25 7.757547362061324 127 16 7
SIR 26 7.816234177907167 127 15 8
SIR 27 8.111456017436984 127 14 9
SIR 28 9.147625885160764 127 13 10
SIR 29 9.318040628230198 126 14 10
SIR 30 9.40684319469054 125 15 10
SIR 31 9.897317756339945 124 16 10
SIR 32 10.046417768541856 124 15 11
SIR 33 10.082219844199043 123 16 11
SIR 34 10.25856253978636 122 17 11
SIR 35 10.326668867463708 121 18 11
SIR 36 10.639140794178928 120 19 11
SIR 37 11.061142505063794 119 20 11
SIR 38 11.180467138130435 119 19 12
SIR 39 11.47382131532994 119 18 13
SIR 40 11.481700124983673 119 17 14
SIR 41 11.632280461105559 119 16 15
SIR 42 12.105114484211931 119 15 16
SIR 43 12.414951623771284 118 16 16
SIR 44 12.640868980748621 118 15 17
SIR 45 12.933749078890562 117 16 17
SIR 46 13.212701238848776 116 17 17
SIR 47 13.215101553228441 116 16 18
SIR 48 13.6207627737984 116 15 19
SIR 49 14.077051867522274 115 16 19
SIR 50 14.407674824822031 115 15 20
SIR 51 14.981132948468781 114 16 20
SIR 52 15.343584547845538 114 15 21
SIR 53 15.753317167730001 113 16 21
SIR 54 16.075913157047186 113 15 22
SIR 55 16.1089082923468 112 16 22
SIR 56 16.111777488456063 111 17 22
SIR 57 16.740098764290323 110 18 22
SIR 58 16.88188221823425 110 17 23
SIR 59 16.97019589942296 109 18 23
SIR 60 17.15261954903551 109 17 24
SIR 61 17.30325507875881 108 18 24
SIR 62 17.871473136261166 107 19 24
SIR 63 18.12524387201399 107 18 25
SIR 64 18.1968836798697 107 17 26
SIR 65 18.21772356958056 107 16 27
SIR 66 18.221710553230025 106 17 27
SIR 67 18.65381825823312 105 18 27
SIR 68 18.721434393539408 104 19 27
SIR 69 18.72766090472256 104 18 28
SIR 70 18.835931250019808 104 17 29
SIR 71 19.472030825583253 103 18 29
SIR 72 19.488058483185107 103 17 30
SIR 73 19.879907160924386 102 18 30
SIR 74 19.890951984524335 102 17 31
SIR 75 20.100876125941106 102 16 32
SIR 76 20.19942347415266 102 15 33
SIR 77 20.240900335974832 102 14 34
SIR 78 20.36497529818 102 13 35
SIR 79 21.06067863813762 101 14 35
SIR 80 21.07917656888344 100 15 35
SIR 81 21.107869057256146 99 16 35
SIR 82 21.459655054344545 99 15 36
SIR 83 21.74214144957641 98 16 36
SIR 84 22.585789449307327 97 17 36
SIR 85 22.66345456631065 96 18 36
SIR 86 23.399639487032083 95 19 36
SIR 87 24.23813413118393 94 20 36
SIR 88 24.25471360723072 93 21 36
SIR 89 24.280017297534055 92 22 36
SIR 90 24.757917586127824 92 21 37
SIR 91 25.032182767018437 92 20 38
SIR 92 25.50372036548778 92 19 39
SIR 93 25.56220325663993 91 20 39
SIR 94 25.592373669122487 91 19 40
SIR 95 26.273581679849833 91 18 41
SIR 96 26.47468615187229 91 17 42
SIR 97 26.64336580879213 90 18 42
SIR 98 26.68182403241896 90 17 43
SIR 99 27.19068875661363 89 18 43
SIR 100 28.503331092027917 88 19 43
SIR 101 28.788228558377632 87 20 43
SIR 102 28.860853619175458 87 19 44
SIR 103 28.92604804954222 87 18 45
SIR 104 28.988539695165514 87 17 46
SIR 105 29.194578381776694 86 18 46
SIR 106 29.529521867229892 86 17 47
SIR 107 29.711122780605358 86 16 48
SIR 108 29.843208102016646 86 15 49
SIR 109 30.17867243449542 86 14 50
SIR 110 30.23303164162702 85 15 50
SIR 111 30.983936285824246 84 16 50
SIR 112 31.097863754488117 84 15 51
SIR 113 31.345246995213692 84 14 52
SIR 114 31.66150589540419 84 13 53
SIR 115 32.05098850572709 84 12 54
SIR 116 32.14735326762049 84 11 55
SIR 117 35.27738698054099 84 10 56
SIR 118 35.7216692591743 84 9 57
SIR 119 36.34015724825717 84 8 58
SIR 120 38.07842660943783 83 9 58
SIR 121 38.24475572908588 82 10 58
SIR 122 39.45188541082846 82 9 59
SIR 123 40.81421051248484 81 10 59
SIR 124 40.98234922257642 81 9 60
SIR 125 42.07712604347713 80 10 60
SIR 126 42.338833324755434 79 11 60
SIR 127 42.950661337222236 79 10 61
SIR 128 43.17124051812354 79 9 62
SIR 129 43.31886261405528 79 8 63
SIR 130 46.668551133320236 79 7 64
SIR 131 46.8728931594059 79 6 65
SIR 132 47.39057033194012 79 5 66
SIR 133 48.3053866452455 79 4 67
SIR 134 48.31604673158167 79 3 68
SIR 135 49.45879016707573 78 4 68
SIR 136 49.627129858612165 77 5 68
SIR 137 52.558735972015114 76 6 68
SIR 138 53.67010474167673 76 5 69
SIR 139 55.16544719682015 76 4 70
SIR 140 56.05299763002704 75 5 70
SIR 141 56.16152318912234 75 4 71
SIR 142 56.59673737620414 75 3 72
SIR 143 57.149825440479724 74 4 72
SIR 144 58.846632074188314 74 3 73
SIR 145 58.92019662794413 73 4 73
SIR 146 61.00996620348131 73 3 74
SIR 147 63.88194320205691 73 2 75
SIR 148 64.8672862310432 72 3 75
SIR 149 68.2397354397237 72 2 76
SIR 150 75.94783147269223 72 1 77
SIR 151 83.7589369255566 71 2 77
SIR 152 85.45540978541833 70 3 77
SIR 153 86.61398295365491 69 4 77
SIR 154 87.79828875000803 68 5 77
SIR 155 88.78518730477346 68 4 78
SIR 156 89.23993384829271 67 5 78
SIR 157 89.4059596624675 67 4 79
SIR 158 90.98030448225734 67 3 80
SIR 159 93.94524141409843 67 2 81
SIR 160 95.12482196260092 67 1 82
SIR 161 100.98636004920465 67 0 83
