action step time popS popI popR
- 0 0.0 170 5 0
SIR 1 0.5822819340410084 170 4 1
SIR 2 0.648297289278488 169 5 1
SIR 3 0.7805703876285005 168 6 1
SIR 4 0.926598406708194 168 5 2
SIR 5 0.9877199811242716 167 6 2
SIR 6 2.1550802096509543 167 5 3
SIR 7 2.370868018402444 166 6 3
SIR 8 2.8753264837319863 166 5 4
SIR 9 2.880762534565431 165 6 4
SIR 10 2.8814024517847416 165 5 5
SIR 11 3.0778891991785913 164 6 5
SIR 12 3.2046732082501492 163 7 5
SIR 13 3.264152879231253 163 6 6
SIR 14 3.3067813616017343 163 5 7
SIR 15 3.668178163743202 163 4 8
SIR 16 3.9325365326683945 162 5 8
SIR 17 4.385401229652105 161 6 8
SIR 18 4.981070844070233 160 7 8
SIR 19 4.99668245402139 160 6 9
SIR 20 6.914103595398668 159 7 9
SIR 21 7.621770372508014 158 8 9
SIR 22 8.136256633373293 158 7 10
SIR 23 8.82395160507146 158 6 11
SIR 24 9.671016335753258 157 7 11
SIR 25 9.795255357474286 156 8 11
SIR 26 10.018937265380458 156 7 12
SIR 27 10.019653304090898 155 8 12
SIR 28 10.435250783780564 154 9 12
SIR 29 10.506727111257714 153 10 12
SIR 30 11.030654527669515 153 9 13
SIR 31 11.283866674634318 152 10 13
SIR 32 11.294719966072462 151 11 13
SIR 33 11.808548963472392 150 12 13
SIR 34 13.09972948139553 149 13 13
SIR 35 13.170604490319544 149 12 14
SIR 36 13.439429650270151 148 13 14
SIR 37 13.603108503576172 147 14 14
SIR 38 13.717274258022416 147 13 15
SIR 39 14.076349214882098 146 14 15
SIR 40 14.45089699627879 146 13 16
SIR 41 14.666987499357516 146 12 17
SIR 42 14.748322498280173 145 13 17
SIR 43 14.752231274042177 144 14 17
SIR 44 16.027033167864023 143 15 17
SIR 45 16.52002302867459 142 16 17
SIR 46 16.965883010211506 141 17 17
SIR 47 17.708172376119045 140 18 17
SIR 48 17.732643812076432 139 19 17
SIR 49 18.367570895014733 139 18 18
SIR 50 18.458465839146125 138 19 18
SIR 51 18.9070075438029 137 20 18
SIR 52 19.332163167829762 137 19 19
SIR 53 19.350451543018433 137 18 20
SIR 54 19.728829061900804 137 17 21
SIR 55 20.409682207756134 136 18 21
SIR 56 20.43951078211388 135 19 21
SIR 57 20.522905519686244 135 18 22
SIR 58 21.725741033782384 135 17 23
SIR 59 21.783742991877162 134 18 23
SIR 60 23.208138634985367 134 17 24
SIR 61 23.44763456588773 134 16 25
SIR 62 23.742077385278442 134 15 26
SIR 63 24.48030702093529 133 16 26
SIR 64 24.835272723926984 132 17 26
SIR 65 24.873721906711904 131 18 26
SIR 66 25.31262740073428 130 19 26
SIR 67 25.52982066010489 129 20 26
SIR 68 25.56778921868494 129 19 27
SIR 69 25.64756200879691 128 20 27
SIR 70 25.755627408809094 127 21 27
SIR 71 25.762890334775594 126 22 27
SIR 72 26.04960787030887 126 21 28
SIR 73 26.323214524355887 125 22 28
SIR 74 26.373826788809115 125 21 29
SIR 75 26.426652336577863 124 22 29
SIR 76 26.843043799068987 123 23 29
SIR 77 26.91893272033957 122 24 29
SIR 78 26.967302139169085 121 25 29
SIR 79 27.089917317765003 121 24 30
SIR 80 27.20930324131648 120 25 30
SIR 81 27.397441480592228 119 26 30
SIR 82 27.724752618975256 119 25 31
SIR 83 27.80499819833052 119 24 32
SIR 84 27.84846710231745 118 25 32
SIR 85 28.027865229504393 118 24 33
SIR 86 28.24125357642425 118 23 34
SIR 87 28.251543216861084 117 24 34
SIR 88 28.447498587777357 116 25 34
SIR 89 28.45806747791678 116 24 35
SIR 90 28.544570721583536 115 25 35
SIR 91 28.707291810187062 115 24 36
SIR 92 28.778540214705174 115 23 37
SIR 93 28.78501810039407 115 22 38
SIR 94 29.125761530848695 115 21 39
SIR 95 29.24086055975859 114 22 39
SIR 96 29.60731105162304 114 21 40
SIR 97 30.202455097151947 113 22 40
SIR 98 30.22809309673143 113 21 41
SIR 99 30.423494929375057 113 20 42
SIR 100 30.655345277625603 112 21 42
SIR 101 31.907068872230106 111 22 42
SIR 102 32.44523524666368 111 21 43
SIR 103 32.479647480996306 110 22 43
SIR 104 32.781271536866385 109 23 43
SIR 105 33.02458064890667 109 22 44
SIR 106 33.14463714769221 109 21 45
SIR 107 33.25132216166625 109 20 46
SIR 108 33.32588368371407 109 19 47
SIR 109 33.50169780474246 108 20 47
SIR 110 34.72966561003183 107 21 47
SIR 111 34.84224830497623 106 22 47
SIR 112 35.00315479350937 106 21 48
SIR 113 35.0998710914686 105 22 48
SIR 114 35.15260137634397 105 21 49
SIR 115 35.189611427738086 105 20 50
SIR 116 35.205203939732485 104 21 50
SIR 117 35.52012697333547 104 20 51
SIR 118 35.716628639507555 103 21 51
SIR 119 35.79671129551267 103 20 52
SIR 120 36.997693884827655 102 21 52
SIR 121 37.067796931349974 102 20 53
SIR 122 37.532862136308175 101 21 53
SIR 123 37.90241963926327 100 22 53
SIR 124 37.94221753939765 100 21 54
SIR 125 38.316044968258666 99 22 54
SIR 126 38.779823332516884 98 23 54
SIR 127 39.08905151519512 97 24 54
SIR 128 39.33683658109926 96 25 54
SIR 129 39.3430605003393 96 24 55
SIR 130 39.358050356625036 95 25 55
SIR 131 39.43666187984875 94 26 55
SIR 132 39.86524541885136 94 25 56
SIR 133 39.88634234845231 94 24 57
SIR 134 40.1708722455225 93 25 57
SIR 135 40.741020903370334 92 26 57
SIR 136 40.93243867816909 91 27 57
SIR 137 40.96419354966114 91 26 58
SIR 138 41.51428978311022 91 25 59
SIR 139 41.907811637601185 91 24 60
SIR 140 42.005679994052436 90 25 60
SIR 141 42.041067251319035 89 26 60
SIR 142 42.06938859002134 88 27 60
SIR 143 42.229832779189124 88 26 61
SIR 144 42.57871039252269 88 25 62
SIR 145 42.61422566980608 88 24 63
SIR 146 42.91175286608587 88 23 64
SIR 147 42.94812369527104 88 22 65
SIR 148 43.02560627518172 88 21 66
SIR 149 43.056781902050965 88 20 67
SIR 150 43.85569177189146 88 19 68
SIR 151 44.543076443181874 87 20 68
SIR 152 44.88771964339048 87 19 69
SIR 153 45.05060269560689 86 20 69
SIR 154 45.76386960749804 86 19 70
SIR 155 45.858517106620084 86 18 71
SIR 156 46.09549231039406 86 17 72
SIR 157 46.15484530738567 86 16 73
SIR 158 46.64341054682362 86 15 74
SIR 159 46.67153495297698 85 16 74
SIR 160 47.72230592247941 84 17 74
SIR 161 47.722474940268256 84 16 75
SIR 162 48.33632715486614 83 17 75
SIR 163 48.54928681830124 82 18 75
SIR 164 49.02889909500253 81 19 75
SIR 165 49.104249890955714 81 18 76
SIR 166 49.76228562841933 81 17 77
SIR 167 51.73441286186035 80 18 77
SIR 168 52.86263110598588 79 19 77
SIR 169 52.89791357515617 78 20 77
SIR 170 52.94652953551742 78 19 78
SIR 171 53.55824845027062 78 18 79
SIR 172 54.2202463203206 78 17 80
SIR 173 54.408678625277666 78 16 81
SIR 174 54.80393367957129 78 15 82
SIR 175 54.918339809567335 78 14 83
SIR 176 56.278181438331636 78 13 84
SIR 177 56.33834845848083 77 14 84
SIR 178 57.287621605320346 77 13 85
SIR 179 57.30436356813766 76 14 85
SIR 180 57.54042984003038 76 13 86
SIR 181 58.22675136776763 75 14 86
SIR 182 58.769082626930754 75 13 87
SIR 183 59.20259280472947 75 12 88
SIR 184 59.46612079595221 75 11 89
SIR 185 59.95787612284205 75 10 90
SIR 186 60.064504887827894 75 9 91
SIR 187 60.431308097162635 75 8 92
SIR 188 60.54063807804585 74 9 92
SIR 189 60.7947351661534 74 8 93
SIR 190 60.89866000746074 74 7 94
SIR 191 60.91480298573281 73 8 94
SIR 192 60.94316033391875 72 9 94
SIR 193 62.64504367339271 71 10 94
SIR 194 62.7049221484302 71 9 95
SIR 195 63.491311988805684 71 8 96
SIR 196 64.87706182628875 71 7 97
SIR 197 65.13130542318702 70 8 97
SIR 198 65.54618122454694 70 7 98
SIR 199 68.29826886449648 70 6 99
SIR 200 68.76696267790925 70 5 100
SIR 201 70.24893879199026 69 6 100
SIR 202 71.21367733752496 69 5 101
SIR 203 72.009469278225 69 4 102
SIR 204 72.04343282378962 68 5 102
SIR 205 73.9102035555617 67 6 102
SIR 206 74.18513315446783 66 7 102
SIR 207 75.45500381898802 65 8 102
SIR 208 75.54371167117912 64 9 102
SIR 209 76.04540466751624 64 8 103
SIR 210 76.92043680512982 64 7 104
SIR 211 77.3332151820706 64 6 105
SIR 212 82.14689584400783 63 7 105
SIR 213 83.6062315361152 63 6 106
SIR 214 83.64461778338847 63 5 107
SIR 215 85.79277418942154 63 4 108
SIR 216 86.4085073306487 63 3 109
SIR 217 86.61152083395402 63 2 110
SIR 218 90.75642615765635 62 3 110
SIR 219 95.44208393511026 61 4 110
SIR 220 96.51521066551825 61 3 111
SIR 221 100.94938248008776 61 2 112
SIR 222 103.04180778432553 60 3 112
SIR 223 103.29342703776227 60 2 113
SIR 224 106.13678684494923 60 1 114
SIR 225 110.17240486679614 59 2 114
SIR 226 115.46712177212301 58 3 114
SIR 227 116.2757157616106 58 2 115
SIR 228 117.12617595999394 58 1 116
SIR 229 127.94222341711337 57 2 116
