action step time popS popI popR
- 0 0.0 145 5 0
SIR 1 0.196303067044254 145 4 1
SIR 2 0.6935603005104092 144 5 1
SIR 3 1.067929063525325 143 6 1
SIR 4 3.1106205769416833 143 5 2
SIR 5 3.266364820847547 142 6 2
SIR 6 3.279989456618524 141 7 2
SIR 7 3.7851863676811615 141 6 3
SIR 8 3.837944562002433 140 7 3
SIR 9 4.415577814933757 139 8 3
SIR 10 5.212101012162655 139 7 4
SIR 11 5.423827537196207 138 8 4
SIR 12 6.379427242456695 137 9 4
SIR 13 7.434545780910641 136 10 4
SIR 14 7.4953825188607865 136 9 5
SIR 15 8.047227939038022 135 10 5
SIR 16 8.452647564251956 135 9 6
SIR 17 8.604193602253156 134 10 6
SIR 18 8.750299432977991 133 11 6
SIR 19 9.626591533157844 133 10 7
SIR 20 9.669313070045334 133 9 8
SIR 21 10.409406818843912 133 8 9
SIR 22 10.480773267717224 132 9 9
SIR 23 10.50622237190783 131 10 9
SIR 24 10.835862924454357 130 11 9
SIR 25 11.925803253152274 129 12 9
SIR 26 12.178447490127386 129 11 10
SIR 27 12.220763112132609 128 12 10
SIR 28 12.531665171674087 127 13 10
SIR 29 12.743640217164394 127 12 11
SIR 30 13.190012896159912 126 13 11
SIR 31 13.233499502882166 125 14 11
SIR 32 13.510554471297368 125 13 12
SIR 33 13.62798937958475 125 12 13
SIR 34 13.825056229555331 124 13 13
SIR 35 13.838713401306103 123 14 13
SIR 36 14.543691811431888 122 15 13
SIR 37 14.664152959235187 121 16 13
SIR 38 14.703013080111901 120 17 13
SIR 39 14.813229295031782 120 16 14
SIR 40 15.099656577628183 120 15 15
SIR 41 15.595083726834575 119 16 15
SIR 42 16.453560447551176 118 17 15
SIR 43 16.607365476414913 117 18 15
SIR 44 17.666038264388767 116 19 15
SIR 45 17.832041444425446 116 18 16
SIR 46 18.074522590626437 115 19 16
SIR 47 18.100162593820542 115 18 17
SIR 48 18.1644941817721 114 19 17
SIR 49 18.500266020283835 114 18 18
SIR 50 18.710265341707945 114 17 19
SIR 51 19.357137579954376 113 18 19
SIR 52 19.42844118006673 112 19 19
SIR 53 19.853762805390424 111 20 19
SIR 54 20.57227025346714 111 19 20
SIR 55 20.620942496352495 111 18 21
SIR 56 20.89708315445692 110 19 21
SIR 57 21.005167003812023 110 18 22
SIR 58 21.2075165485765 110 17 23
SIR 59 22.264006874408505 109 18 23
SIR 60 22.43099663908915 109 17 24
SIR 61 23.455572984973312 108 18 24
SIR 62 23.59188329860719 107 19 24
SIR 63 23.93168612323095 107 18 25
SIR 64 24.26767009484921 107 17 26
SIR 65 24.93738480367916 107 16 27
SIR 66 25.12188256315726 107 15 28
SIR 67 26.31148900682187 107 14 29
SIR 68 26.64745223575716 106 15 29
SIR 69 26.83786003375477 106 14 30
SIR 70 26.877916109281767 105 15 30
SIR 71 27.289623168803438 104 16 30
SIR 72 27.354255862138032 103 17 30
SIR 73 27.743764317707004 103 16 31
SIR 74 28.066075444226566 103 15 32
SIR 75 28.26081119693381 102 16 32
SIR 76 28.277466563926595 102 15 33
SIR 77 28.401589367573795 101 16 33
SIR 78 28.49430250896801 100 17 33
SIR 79 28.531342724953557 99 18 33
SIR 80 28.602825961656386 99 17 34
SIR 81 30.031738945481752 98 18 34
SIR 82 30.251213523919112 97 19 34
SIR 83 30.425651863641146 97 18 35
SIR 84 30.532875770228088 97 17 36
SIR 85 30.67657281545803 96 18 36
SIR 86 31.119871371395927 95 19 36
SIR 87 31.53143431330733 95 18 37
SIR 88 32.31471014514775 95 17 38
SIR 89 32.44234437070789 94 18 38
SIR 90 32.47327292921834 93 19 38
SIR 91 32.686105126982305 93 18 39
SIR 92 32.69222145352293 92 19 39
SIR 93 32.81083549082099 92 18 40
SIR 94 32.98636626979743 92 17 41
SIR 95 33.0392408315188 91 18 41
SIR 96 33.05622684476318 91 17 42
SIR 97 33.167942324567015 91 16 43
SIR 98 33.58224134213915 91 15 44
SIR 99 34.38472719481375 91 14 45
SIR 100 34.415826656515904 90 15 45
SIR 101 35.92674970495572 90 14 46
SIR 102 36.17606367135974 89 15 46
SIR 103 36.380054345154214 89 14 47
SIR 104 36.69000405967494 89 13 48
SIR 105 36.72653034466545 88 14 48
SIR 106 36.75425761888014 88 13 49
SIR 107 36.75919435195478 88 12 50
SIR 108 36.820658222807275 88 11 51
SIR 109 36.94531719210105 88 10 52
SIR 110 37.142318201946516 87 11 52
SIR 111 37.43467877154339 87 10 53
SIR 112 37.67948715108137 86 11 53
SIR 113 37.71290165786635 86 10 54
SIR 114 37.95122304291395 85 11 54
SIR 115 38.12256407712735 85 10 55
SIR 116 38.463317326585184 84 11 55
SIR 117 39.12568096473362 83 12 55
SIR 118 39.73054654678219 83 11 56
SIR 119 39.83274052726799 82 12 56
SIR 120 41.08300816362023 82 11 57
SIR 121 42.55493540930716 82 10 58
SIR 122 43.03952373806074 82 9 59
SIR 123 43.279816185794395 82 8 60
SIR 124 47.6342913204217 81 9 60
SIR 125 48.68622524047844 81 8 61
SIR 126 49.18200211123383 81 7 62
SIR 127 49.319595884764325 80 8 62
SIR 128 49.70412624893238 80 7 63
SIR 129 50.42595279212262 79 8 63
SIR 130 50.591210327311494 78 9 63
SIR 131 50.64589154364422 78 8 64
SIR 132 50.89132790181801 77 9 64
SIR 133 53.11805534008371 77 8 65
SIR 134 53.12650931880489 76 9 65
SIR 135 54.5642068651105 76 8 66
SIR 136 54.996381154548416 75 9 66
SIR 137 57.211542453893934 75 8 67
SIR 138 57.80183897138931 75 7 68
SIR 139 58.56159958434152 75 6 69
SIR 140 59.061126083125586 75 5 70
SIR 141 61.77716633251408 74 6 70
SIR 142 62.9673189107623 74 5 71
SIR 143 63.64302417354409 73 6 71
SIR 144 65.40711176548503 72 7 71
SIR 145 65.44208764343772 71 8 71
SIR 146 65.72909370961499 70 9 71
SIR 147 66.50850485237443 69 10 71
SIR 148 66.97000578144463 69 9 72
SIR 149 67.10722042814271 69 8 73
SIR 150 68.67123848416313 69 7 74
SIR 151 69.8905180135127 69 6 75
SIR 152 70.1132271878832 69 5 76
SIR 153 71.64826120117668 68 6 76
SIR 154 71.94518030874309 67 7 76
SIR 155 72.32181151529444 67 6 77
SIR 156 72.3338464152893 67 5 78
SIR 157 72.57762382626441 67 4 79
SIR 158 73.03817689807613 66 5 79
SIR 159 74.43161356438401 66 4 80
SIR 160 77.0860251218288 66 3 81
SIR 161 77.35069155223688 66 2 82
SIR 162 86.85256013429233 65 3 82
SIR 163 88.6330090510473 64 4 82
SIR 164 93.10704281198483 64 3 83
SIR 165 95.15365227184594 63 4 83
SIR 166 95.17281250510852 62 5 83
SIR 167 96.35433214581116 62 4 84
SIR 168 96.51323040698207 61 5 84
SIR 169 100.84159333919663 61 4 85
SIR 170 102.57234320885983 61 3 86
SIR 171 106.12874501334163 60 4 86
SIR 172 106.34565504350405 60 3 87
SIR 173 107.93551287639723 60 2 88
SIR 174 109.4814055904982 60 1 89
SIR 175 117.69698238295253 60 0 90
