action step time popS popI popR
- 0 0.0 170 5 0
SIR 1 0.577942178245474 169 6 0
SIR 2 0.9771775589946547 168 7 0
SIR 3 1.0859212890688565 168 6 1
SIR 4 1.673104820559506 167 7 1
SIR 5 1.8865708082209303 167 6 2
SIR 6 2.122431406301811 166 7 2
SIR 7 2.2090200834077427 165 8 2
SIR 8 2.3570598611546383 164 9 2
SIR 9 3.759837971568116 163 10 2
SIR 10 4.356485518248132 163 9 3
SIR 11 4.6979303212535415 163 8 4
SIR 12 6.009633408665272 163 7 5
SIR 13 7.440069743972957 162 8 5
SIR 14 7.877635606822872 162 7 6
SIR 15 8.102342408625306 161 8 6
SIR 16 8.844424413098611 161 7 7
SIR 17 9.28388310342355 160 8 7
SIR 18 9.99321361460569 159 9 7
SIR 19 10.110519760447291 158 10 7
SIR 20 10.208311798179384 158 9 8
SIR 21 10.605455334634566 157 10 8
SIR 22 11.156644242159745 156 11 8
SIR 23 11.459465779033845 155 12 8
SIR 24 11.683854399812237 154 13 8
SIR 25 11.824242858046011 154 12 9
SIR 26 12.254981838148291 153 13 9
SIR 27 12.623792207339756 153 12 10
SIR 28 12.685360438345109 153 11 11
SIR 29 12.908183491162465 153 10 12
SIR 30 13.133643983605877 152 11 12
SIR 31 14.450855992182094 151 12 12
SIR 32 14.661542874636751 150 13 12
SIR 33 15.250634132637536 150 12 13
SIR 34 15.307041942571518 150 11 14
SIR 35 15.936635116121938 149 12 14
SIR 36 16.27077917176238 149 11 15
SIR 37 16.710391215561877 148 12 15
SIR 38 16.768678927063416 148 11 16
SIR 39 17.31654663213089 148 10 17
SIR 40 18.495261445274593 147 11 17
SIR 41 18.554293258727398 147 10 18
SIR 42 18.792347292459286 146 11 18
SIR 43 18.90429580365998 145 12 18
SIR 44 19.00215463854332 144 13 18
SIR 45 19.114533959102626 143 14 18
SIR 46 19.426495797505137 143 13 19
SIR 47 19.51943873481906 143 12 20
SIR 48 20.000061086664424 142 13 20
SIR 49 20.169342747629265 142 12 21
SIR 50 20.423117994332053 142 11 22
SIR 51 20.69886073763625 142 10 23
SIR 52 21.27520598253877 142 9 24
SIR 53 22.364350843523987 141 10 24
SIR 54 22.50687194819407 141 9 25
SIR 55 22.590217517822193 140 10 25
SIR 56 23.587527142075935 140 9 26
SIR 57 23.865765419706545 139 10 26
SIR 58 24.18662242207402 139 9 27
SIR 59 24.295962671713845 138 10 27
SIR 60 24.47499967032398 138 9 28
SIR 61 24.542288472694338 137 10 28
SIR 62 25.68777903876469 136 11 28
SIR 63 25.7730436748118 136 10 29
SIR 64 26.240904773834835 135 11 29
SIR 65 27.083529693054405 134 12 29
SIR 66 27.237239498920108 133 13 29
SIR 67 27.587792455919708 133 12 30
SIR 68 27.59368307176629 133 11 31
SIR 69 28.136760654098136 132 12 31
SIR 70 28.333416945788475 132 11 32
SIR 71 28.552440431159326 132 10 33
SIR 72 29.32538782695062 132 9 34
SIR 73 29.6186871237017 132 8 35
SIR 74 30.14570006849141 131 9 35
SIR 75 30.207284747165875 131 8 36
SIR 76 30.27864760738895 131 7 37
SIR 77 30.445599755441165 131 6 38
SIR 78 31.10838417240077 130 7 38
SIR 79 33.98993635806274 129 8 38
SIR 80 34.44258728534567 129 7 39
SIR 81 35.27134670647548 128 8 39
SIR 82 36.47094541601952 128 7 40
SIR 83 36.75816711980757 127 8 40
SIR 84 37.08507545338674 126 9 40
SIR 85 37.10004040704773 125 10 40
SIR 86 37.349015122912206 125 9 41
SIR 87 37.732704715348575 124 10 41
SIR 88 37.89702843964477 123 11 41
SIR 89 39.25285996842646 122 12 41
SIR 90 39.39888087726592 121 13 41
SIR 91 39.41404178666423 120 14 41
SIR 92 40.94434627776843 120 13 42
SIR 93 40.97548983480594 119 14 42
SIR 94 41.099418616663044 119 13 43
SIR 95 41.12031058424401 119 12 44
SIR 96 42.15419077679192 118 13 44
SIR 97 42.18212290407452 117 14 44
SIR 98 42.5021533341598 116 15 44
SIR 99 42.83529953839859 116 14 45
SIR 100 43.0653149908228 115 15 45
SIR 101 43.27197564677179 114 16 45
SIR 102 43.28775127177613 114 15 46
SIR 103 43.30485609349091 114 14 47
SIR 104 43.430602708664914 114 13 48
SIR 105 43.456862862398225 113 14 48
SIR 106 43.99243403768122 112 15 48
SIR 107 44.08791894742016 111 16 48
SIR 108 44.29202277281705 110 17 48
SIR 109 44.49909326249957 110 16 49
SIR 110 44.73652851325517 109 17 49
SIR 111 45.4434310646487 109 16 50
SIR 112 45.56294008289433 109 15 51
SIR 113 45.94566411567122 109 14 52
SIR 114 46.023292743767186 109 13 53
SIR 115 47.02738303175158 109 12 54
SIR 116 47.335601281577134 109 11 55
SIR 117 49.321613857042905 109 10 56
SIR 118 50.23578888100871 109 9 57
SIR 119 50.70958874305309 109 8 58
SIR 120 50.76772372169482 108 9 58
SIR 121 51.30101254914833 107 10 58
SIR 122 51.55058226092056 106 11 58
SIR 123 51.83435497623194 106 10 59
SIR 124 52.47564913978959 105 11 59
SIR 125 53.73324135399316 105 10 60
SIR 126 53.7915504985966 105 9 61
SIR 127 54.48113947751802 104 10 61
SIR 128 54.70185358031825 103 11 61
SIR 129 54.9349020598496 102 12 61
SIR 130 55.091625801640234 102 11 62
SIR 131 55.29514258530592 101 12 62
SIR 132 55.439456467456196 100 13 62
SIR 133 55.951350493366924 100 12 63
SIR 134 56.40195753238841 99 13 63
SIR 135 56.920089891864166 98 14 63
SIR 136 57.177669966743714 97 15 63
SIR 137 57.24786871160443 96 16 63
SIR 138 57.24948190682696 95 17 63
SIR 139 59.07350203035834 94 18 63
SIR 140 59.228905322529826 94 17 64
SIR 141 59.58353775475202 94 16 65
SIR 142 59.589106729451316 94 15 66
SIR 143 59.981896607860456 93 16 66
SIR 144 60.527375441551825 93 15 67
SIR 145 60.548435985411196 93 14 68
SIR 146 60.65291823419983 93 13 69
SIR 147 60.78904728568912 92 14 69
SIR 148 60.827953008251754 91 15 69
SIR 149 60.89895608066868 91 14 70
SIR 150 60.945837068943284 90 15 70
SIR 151 61.18529469253717 90 14 71
SIR 152 61.35962788921389 90 13 72
SIR 153 61.3952684118215 89 14 72
SIR 154 61.70467225320967 89 13 73
SIR 155 61.9162687291306 89 12 74
SIR 156 62.21842399720813 88 13 74
SIR 157 62.74815526719317 88 12 75
SIR 158 62.80085099860273 87 13 75
SIR 159 63.57133262434919 86 14 75
SIR 160 64.25957508271564 86 13 76
SIR 161 65.32652884776434 86 12 77
SIR 162 65.36978777975216 86 11 78
SIR 163 65.57271518277825 85 12 78
SIR 164 65.75156202077756 84 13 78
SIR 165 66.59000972059893 83 14 78
SIR 166 67.66889211335106 82 15 78
SIR 167 67.7005941510348 81 16 78
SIR 168 67.85865187715291 81 15 79
SIR 169 68.27382969922623 81 14 80
SIR 170 68.68868915136751 80 15 80
SIR 171 70.13336060638649 80 14 81
SIR 172 70.59053306516742 79 15 81
SIR 173 71.12247860969622 79 14 82
SIR 174 71.33852905284432 78 15 82
SIR 175 71.4642528350638 78 14 83
SIR 176 72.07121300020192 78 13 84
SIR 177 72.4832270996634 77 14 84
SIR 178 72.68582322768849 76 15 84
SIR 179 73.45118401165858 75 16 84
SIR 180 73.888927941591 74 17 84
SIR 181 73.90963226933226 73 18 84
SIR 182 74.72514445051175 72 19 84
SIR 183 75.80520743954513 72 18 85
SIR 184 75.84531553003539 72 17 86
SIR 185 76.0701573816845 71 18 86
SIR 186 76.72152493444962 70 19 86
SIR 187 76.81665664943381 70 18 87
SIR 188 77.51215409778962 70 17 88
SIR 189 77.82363836869766 69 18 88
SIR 190 77.97750307277346 69 17 89
SIR 191 78.2240757452106 69 16 90
SIR 192 78.41284045277203 68 17 90
SIR 193 79.5382344763378 68 16 91
SIR 194 79.9091360592564 68 15 92
SIR 195 80.08428025397485 68 14 93
SIR 196 80.19079537841526 67 15 93
SIR 197 81.49491424712157 67 14 94
SIR 198 81.538960719711 67 13 95
SIR 199 81.65046632129324 66 14 95
SIR 200 82.0999929837537 66 13 96
SIR 201 83.93923189746234 65 14 96
SIR 202 84.72073307777659 65 13 97
SIR 203 84.92857579837478 64 14 97
SIR 204 84.97160727976689 63 15 97
SIR 205 85.33408126014207 63 14 98
SIR 206 85.50304617384104 63 13 99
SIR 207 85.51498525161412 63 12 100
SIR 208 86.54355116101864 62 13 100
SIR 209 86.87507217170474 62 12 101
SIR 210 87.69717308207346 62 11 102
SIR 211 89.10533544053104 62 10 103
SIR 212 90.29582352802704 62 9 104
SIR 213 91.52223844554426 62 8 105
SIR 214 91.69490186870492 61 9 105
SIR 215 92.01411680765426 61 8 106
SIR 216 92.06235582861066 60 9 106
SIR 217 92.30767964481828 59 10 106
SIR 218 92.75714495450914 59 9 107
SIR 219 93.0003341517769 58 10 107
SIR 220 93.09661261113773 58 9 108
SIR 221 94.0628081559904 57 10 108
SIR 222 94.32405757044621 57 9 109
SIR 223 95.48051433315167 57 8 110
SIR 224 96.58304507171502 57 7 111
SIR 225 96.76240733533014 57 6 112
SIR 226 97.04978408528295 57 5 113
SIR 227 98.75587178249418 57 4 114
SIR 228 99.51752751771023 56 5 114
SIR 229 99.73597155733908 56 4 115
SIR 230 104.57087170303699 56 3 116
SIR 231 106.5292330867166 56 2 117
SIR 232 106.77493848279879 56 1 118
SIR 233 110.17418430840429 55 2 118
SIR 234 110.78176291698847 55 1 119
SIR 235 117.2919313922992 55 0 120
