action step time popS popI popR
- 0 0.0 170 5 0
SIR 1 0.6328549572470159 170 4 1
SIR 2 1.2681506624817773 170 3 2
SIR 3 2.0172834441675205 169 4 2
SIR 4 2.33404645310915 168 5 2
SIR 5 3.532473424786474 167 6 2
SIR 6 6.107886749321468 166 7 2
SIR 7 6.529773776500432 165 8 2
SIR 8 6.874499629688498 164 9 2
SIR 9 6.957469314395989 163 10 2
SIR 10 7.056520394182023 162 11 2
SIR 11 7.296762929559377 162 10 3
SIR 12 7.554694055770967 161 11 3
SIR 13 8.315453549657912 160 12 3
SIR 14 8.692624022108912 159 13 3
SIR 15 9.099459723415615 158 14 3
SIR 16 9.894792149711751 157 15 3
SIR 17 9.962686318632505 156 16 3
SIR 18 9.983209447027088 155 17 3
SIR 19 10.206102482062343 155 16 4
SIR 20 11.386206815970688 155 15 5
SIR 21 11.39328895386336 154 16 5
SIR 22 11.600986884021516 153 17 5
SIR 23 11.726078839649327 153 16 6
SIR 24 12.373352634566658 152 17 6
SIR 25 12.749422138574708 151 18 6
SIR 26 13.029317517690405 150 19 6
SIR 27 13.140110524639935 149 20 6
SIR 28 13.230247691079306 149 19 7
SIR 29 13.68166877747014 148 20 7
SIR 30 13.906139047744169 148 19 8
SIR 31 14.011796363801762 148 18 9
SIR 32 14.294038934692681 147 19 9
SIR 33 14.375929972717621 147 18 10
SIR 34 14.605122818455145 146 19 10
SIR 35 14.623495829096175 146 18 11
SIR 36 15.01927151592317 145 19 11
SIR 37 15.044313750137173 145 18 12
SIR 38 15.241806251850162 145 17 13
SIR 39 15.282140454212703 145 16 14
SIR 40 15.697882709568706 144 17 14
SIR 41 16.00514997398206 143 18 14
SIR 42 16.068624762610977 142 19 14
SIR 43 16.143886216628527 141 20 14
SIR 44 16.183099498716423 140 21 14
SIR 45 16.248488804011394 140 20 15
SIR 46 16.30025296092132 139 21 15
SIR 47 16.528126829899357 139 20 16
SIR 48 16.92770477775277 138 21 16
SIR 49 16.996293702080976 138 20 17
SIR 50 16.99966234431392 137 21 17
SIR 51 17.191731017779848 136 22 17
SIR 52 18.137092314821654 136 21 18
SIR 53 18.861469958894723 135 22 18
SIR 54 19.383735443866183 135 21 19
SIR 55 19.59898816129817 134 22 19
SIR 56 19.699412054874447 133 23 19
SIR 57 20.002535723514626 132 24 19
SIR 58 20.013935745326048 131 25 19
SIR 59 20.195546899495625 130 26 19
SIR 60 20.49954231335881 129 27 19
SIR 61 20.648474826784742 129 26 20
SIR 62 20.77047357466199 129 25 21
SIR 63 20.845768835363003 128 26 21
SIR 64 21.16875322356301 127 27 21
SIR 65 21.176613304513463 126 28 21
SIR 66 21.527499419243835 125 29 21
SIR 67 21.56994440153609 125 28 22
SIR 68 21.803056154215742 124 29 22
SIR 69 21.82404683469978 123 30 22
SIR 70 22.099202177132554 123 29 23
SIR 71 22.461789638775574 122 30 23
SIR 72 22.468118995352267 121 31 23
SIR 73 22.522841540150836 120 32 23
SIR 74 22.57439441076263 119 33 23
SIR 75 22.97780779840596 119 32 24
SIR 76 23.01997206576334 118 33 24
SIR 77 23.225883343681158 117 34 24
SIR 78 23.24158139366982 116 35 24
SIR 79 23.30984349477541 115 36 24
SIR 80 23.460101231763918 114 37 24
SIR 81 23.484655114233092 113 38 24
SIR 82 23.63570963885393 112 39 24
SIR 83 23.881112395301674 112 38 25
SIR 84 24.368743019125443 112 37 26
SIR 85 24.494970223098488 111 38 26
SIR 86 24.511045534572098 110 39 26
SIR 87 24.515255951836682 109 40 26
SIR 88 24.615304352713842 108 41 26
SIR 89 24.645401154952395 107 42 26
SIR 90 24.901843338944886 107 41 27
SIR 91 25.323339935979646 107 40 28
SIR 92 25.375751436865805 106 41 28
SIR 93 25.608057366267378 106 40 29
SIR 94 25.770764116844862 106 39 30
SIR 95 26.043708784396998 105 40 30
SIR 96 26.12486609891309 105 39 31
SIR 97 26.17934831299527 104 40 31
SIR 98 26.374256163772547 104 39 32
SIR 99 26.37601384203889 103 40 32
SIR 100 26.50092565504577 102 41 32
SIR 101 26.586953375578826 101 42 32
SIR 102 26.59427808121871 100 43 32
SIR 103 26.782952753425178 99 44 32
SIR 104 27.18669906718554 99 43 33
SIR 105 27.356062450631857 99 42 34
SIR 106 27.48153261397707 99 41 35
SIR 107 27.575146549234375 98 42 35
SIR 108 27.617094908485853 97 43 35
SIR 109 27.730299389115967 96 44 35
SIR 110 27.75958944057256 95 45 35
SIR 111 27.768982828532828 94 46 35
SIR 112 27.857983853907985 93 47 35
SIR 113 27.882860099996247 93 46 36
SIR 114 27.972431280479896 93 45 37
SIR 115 28.009934029033133 92 46 37
SIR 116 28.016275675897486 91 47 37
SIR 117 28.122834985352412 91 46 38
SIR 118 28.159302258015465 90 47 38
SIR 119 28.18522160484439 90 46 39
SIR 120 28.23198200303526 89 47 39
SIR 121 28.33224186955887 89 46 40
SIR 122 28.37785670274887 89 45 41
SIR 123 28.469101293355696 88 46 41
SIR 124 28.519250000935344 87 47 41
SIR 125 28.525560934669375 86 48 41
SIR 126 28.668350034830592 85 49 41
SIR 127 28.708016769170587 84 50 41
SIR 128 28.88973647007556 84 49 42
SIR 129 28.995903727472598 84 48 43
SIR 130 29.032254232981735 83 49 43
SIR 131 29.109386140395753 83 48 44
SIR 132 29.385290574850252 83 47 45
SIR 133 29.406970727003987 83 46 46
SIR 134 29.79528255417872 82 47 46
SIR 135 29.902965893595557 81 48 46
SIR 136 29.98210541244986 81 47 47
SIR 137 30.033644726533716 81 46 48
SIR 138 30.070527229419866 80 47 48
SIR 139 30.141941923235844 80 46 49
SIR 140 30.52599472067731 80 45 50
SIR 141 30.532433127516793 79 46 50
SIR 142 30.55875394969558 78 47 50
SIR 143 30.57951719929041 77 48 50
SIR 144 30.694626552404294 77 47 51
SIR 145 30.88943283608792 77 46 52
SIR 146 31.011347291156714 76 47 52
SIR 147 31.042283692499442 75 48 52
SIR 148 31.137892141841956 74 49 52
SIR 149 31.35829905699061 74 48 53
SIR 150 31.505150218021743 74 47 54
SIR 151 31.567793243940173 74 46 55
SIR 152 31.59904728077635 73 47 55
SIR 153 31.779974910731955 72 48 55
SIR 154 31.840053341041557 71 49 55
SIR 155 32.23083065072234 71 48 56
SIR 156 32.758439679273934 70 49 56
SIR 157 32.87030651343803 70 48 57
SIR 158 32.9922090622946 70 47 58
SIR 159 33.12748804304503 70 46 59
SIR 160 33.18631193222054 70 45 60
SIR 161 33.30247648165397 69 46 60
SIR 162 33.437416848716744 69 45 61
SIR 163 33.683692444601824 69 44 62
SIR 164 33.729877600323015 69 43 63
SIR 165 33.94801623618274 68 44 63
SIR 166 33.958238266209264 67 45 63
SIR 167 33.980127888828314 67 44 64
SIR 168 34.331054722512235 66 45 64
SIR 169 34.40741164039137 65 46 64
SIR 170 34.98049696270085 64 47 64
SIR 171 35.345755001882694 64 46 65
SIR 172 35.552177187032356 64 45 66
SIR 173 35.692463883578135 63 46 66
SIR 174 35.773754494169324 62 47 66
SIR 175 36.06172509528731 61 48 66
SIR 176 36.075965028461205 60 49 66
SIR 177 36.08313125350865 59 50 66
SIR 178 36.13346783236062 59 49 67
SIR 179 36.15692821085796 59 48 68
SIR 180 36.392122111323395 59 47 69
SIR 181 36.56772537330097 59 46 70
SIR 182 36.70521667963233 59 45 71
SIR 183 37.35367459959134 58 46 71
SIR 184 37.67185574680048 58 45 72
SIR 185 37.67937543525828 58 44 73
SIR 186 37.83639312538397 57 45 73
SIR 187 38.10883181643552 56 46 73
SIR 188 38.17244221982159 56 45 74
SIR 189 38.35295837615853 56 44 75
SIR 190 38.370147799922165 56 43 76
SIR 191 38.49948005184246 55 44 76
SIR 192 38.50630766200586 54 45 76
SIR 193 38.55253165924566 53 46 76
SIR 194 38.732965174873996 52 47 76
SIR 195 38.74662450956803 52 46 77
SIR 196 39.19316777581457 52 45 78
SIR 197 39.21129526209477 51 46 78
SIR 198 39.244048997604516 51 45 79
SIR 199 39.31626982782202 50 46 79
SIR 200 39.320361129856266 49 47 79
SIR 201 39.65272766327041 49 46 80
SIR 202 40.082107840949135 49 45 81
SIR 203 40.257489149815406 48 46 81
SIR 204 40.26404984687547 48 45 82
SIR 205 40.617151852214434 48 44 83
SIR 206 40.64287828021555 48 43 84
SIR 207 40.716339120433894 48 42 85
SIR 208 40.80259382905699 47 43 85
SIR 209 40.94483014937253 47 42 86
SIR 210 40.985951387136254 47 41 87
SIR 211 41.012081942791106 47 40 88
SIR 212 41.07015110719604 47 39 89
SIR 213 41.11554598977426 47 38 90
SIR 214 41.18629312047539 47 37 91
SIR 215 41.2845673516474 47 36 92
SIR 216 41.64613963861997 47 35 93
SIR 217 41.71654230771051 46 36 93
SIR 218 41.91094354185566 46 35 94
SIR 219 42.44984744852939 46 34 95
SIR 220 42.56276148911717 45 35 95
SIR 221 42.61461486381874 44 36 95
SIR 222 43.05966284010953 44 35 96
SIR 223 43.07449987004984 43 36 96
SIR 224 43.22032197879556 42 37 96
SIR 225 43.24382230554896 42 36 97
SIR 226 43.26581473363793 42 35 98
SIR 227 43.484810774447936 42 34 99
SIR 228 43.5576711311793 41 35 99
SIR 229 43.82616079206282 41 34 100
SIR 230 44.16851108076849 41 33 101
SIR 231 44.24145682427332 40 34 101
SIR 232 44.44217999181252 39 35 101
SIR 233 44.86752511711021 38 36 101
SIR 234 44.9594509673359 38 35 102
SIR 235 45.224552027072086 37 36 102
SIR 236 45.4054654507926 37 35 103
SIR 237 45.91655674204729 37 34 104
SIR 238 46.019074190728105 37 33 105
SIR 239 46.60716156069278 36 34 105
SIR 240 46.91086441046992 36 33 106
SIR 241 47.08605510676483 35 34 106
SIR 242 47.18458870725053 35 33 107
SIR 243 47.19760574562156 35 32 108
SIR 244 47.42393151005403 35 31 109
SIR 245 47.469520934318865 34 32 109
SIR 246 47.69290068854514 34 31 110
SIR 247 47.85987420128919 34 30 111
SIR 248 48.08261446889498 34 29 112
SIR 249 48.41169874728751 34 28 113
SIR 250 48.59149459733198 34 27 114
SIR 251 49.14904556911378 33 28 114
SIR 252 49.67970692455178 33 27 115
SIR 253 50.427163925001445 33 26 116
SIR 254 50.473390200772116 32 27 116
SIR 255 50.47820529143426 32 26 117
SIR 256 50.685383857875564 32 25 118
SIR 257 50.82327319847354 32 24 119
SIR 258 50.976053905883184 32 23 120
SIR 259 50.98713487917516 32 22 121
SIR 260 51.01272319283685 32 21 122
SIR 261 51.25298487742758 32 20 123
SIR 262 51.351602372599324 32 19 124
SIR 263 51.868818013352396 32 18 125
SIR 264 52.23934819234731 32 17 126
SIR 265 52.72277049663049 31 18 126
SIR 266 53.116410680817424 31 17 127
SIR 267 53.12580361202317 31 16 128
SIR 268 53.20399595187287 31 15 129
SIR 269 53.52215909024746 31 14 130
SIR 270 53.52277203198806 31 13 131
SIR 271 53.57416568572447 31 12 132
SIR 272 54.47184123261508 31 11 133
SIR 273 54.92290352515515 31 10 134
SIR 274 56.30196677439535 31 9 135
SIR 275 56.320644140190666 31 8 136
SIR 276 56.75514581698348 30 9 136
SIR 277 59.01764865131006 30 8 137
SIR 278 60.14170272998194 30 7 138
SIR 279 60.2287707209235 29 8 138
SIR 280 60.32293670348341 29 7 139
SIR 281 60.70604778417055 29 6 140
SIR 282 60.75918597474874 28 7 140
SIR 283 61.06598355169752 28 6 141
SIR 284 63.11731174719424 28 5 142
SIR 285 63.65925261196409 28 4 143
SIR 286 69.39709449762917 27 5 143
SIR 287 70.10005289067469 26 6 143
SIR 288 73.56362432423576 26 5 144
SIR 289 80.49296699578807 26 4 145
SIR 290 85.67807122789877 25 5 145
SIR 291 86.14734091885008 24 6 145
SIR 292 86.14969380642957 24 5 146
SIR 293 89.71147656794565 23 6 146
SIR 294 90.48203722797145 23 5 147
SIR 295 94.90373963519842 22 6 147
SIR 296 95.0543600206811 22 5 148
SIR 297 98.67985966587104 22 4 149
SIR 298 101.1607541990221 22 3 150
SIR 299 102.28572608638268 22 2 151
SIR 300 105.03481903535382 21 3 151
SIR 301 105.79369408695518 21 2 152
SIR 302 109.30747614361455 21 1 153
SIR 303 114.79505500156685 20 2 153
SIR 304 116.56269185940283 20 1 154
SIR 305 127.46405479090093 19 2 154
