action step time popS popI popR
- 0 0.0 195 5 0
SIR 1 0.5758066008634993 195 4 1
SIR 2 1.450736959883567 194 5 1
SIR 3 2.4527000008097097 193 6 1
SIR 4 2.7746057163861515 192 7 1
SIR 5 3.15810996417008 191 8 1
SIR 6 3.237335274097154 190 9 1
SIR 7 3.250481429674459 190 8 2
SIR 8 3.762626828356693 189 9 2
SIR 9 4.213009606503836 188 10 2
SIR 10 4.485345248514239 188 9 3
SIR 11 4.718603035885828 188 8 4
SIR 12 5.357438155943875 187 9 4
SIR 13 6.10191460686289 186 10 4
SIR 14 6.18340026630339 185 11 4
SIR 15 6.21311279963998 184 12 4
SIR 16 6.392096185123145 183 13 4
SIR 17 6.660580965843535 182 14 4
SIR 18 6.676522524817108 181 15 4
SIR 19 6.798279122059547 180 16 4
SIR 20 7.34233471614464 179 17 4
SIR 21 7.380158877547717 178 18 4
SIR 22 7.764049959833109 177 19 4
SIR 23 7.914200827047228 176 20 4
SIR 24 7.974380512938135 175 21 4
SIR 25 8.06112575284236 175 20 5
SIR 26 8.269021347365264 175 19 6
SIR 27 8.434043117142059 175 18 7
SIR 28 8.515858130634058 174 19 7
SIR 29 8.538272999651603 173 20 7
SIR 30 8.674453559163041 173 19 8
SIR 31 8.720295187395527 173 18 9
SIR 32 9.031827607781134 172 19 9
SIR 33 9.132948323289684 171 20 9
SIR 34 9.269044880170659 170 21 9
SIR 35 9.424381214542857 169 22 9
SIR 36 9.44458001366003 168 23 9
SIR 37 9.699738058114036 167 24 9
SIR 38 9.77433098497062 166 25 9
SIR 39 10.026319445213652 166 24 10
SIR 40 10.057398888642599 165 25 10
SIR 41 10.095172781518178 164 26 10
SIR 42 10.301901708427303 163 27 10
SIR 43 10.417932766323915 162 28 10
SIR 44 10.47151026849031 162 27 11
SIR 45 10.47351395362663 161 28 11
SIR 46 10.717971396841468 160 29 11
SIR 47 10.727445668077245 159 30 11
SIR 48 10.844563495169872 159 29 12
SIR 49 11.332264635385055 159 28 13
SIR 50 11.454633598749364 158 29 13
SIR 51 11.611076952188363 157 30 13
SIR 52 11.626197314670579 157 29 14
SIR 53 11.705709341387303 157 28 15
SIR 54 11.824561528330952 157 27 16
SIR 55 11.865364032904845 157 26 17
SIR 56 12.001617903031764 157 25 18
SIR 57 12.133017552521462 157 24 19
SIR 58 12.27112118381857 156 25 19
SIR 59 12.343712354142573 155 26 19
SIR 60 12.622438705666285 155 25 20
SIR 61 12.633927168107434 154 26 20
SIR 62 12.854451043168385 154 25 21
SIR 63 12.959611177635734 154 24 22
SIR 64 12.983643318152435 153 25 22
SIR 65 13.014092373801263 152 26 22
SIR 66 13.071604594462773 152 25 23
SIR 67 13.453835724278163 151 26 23
SIR 68 13.819333916862014 150 27 23
SIR 69 13.889479958580086 150 26 24
SIR 70 14.155217653162389 149 27 24
SIR 71 14.309371361772802 148 28 24
SIR 72 14.468881215912202 148 27 25
SIR 73 14.616336091229789 147 28 25
SIR 74 14.632042445076717 147 27 26
SIR 75 14.756837523408706 146 28 26
SIR 76 14.970159946684323 145 29 26
SIR 77 15.041162662394266 145 28 27
SIR 78 15.128880254662024 144 29 27
SIR 79 15.235290017805866 143 30 27
SIR 80 15.252299306920465 143 29 28
SIR 81 15.271596046412414 142 30 28
SIR 82 15.602964335214477 141 31 28
SIR 83 15.863942845897935 141 30 29
SIR 84 15.888795528836074 140 31 29
SIR 85 16.043862218947393 139 32 29
SIR 86 16.217279443479804 138 33 29
SIR 87 16.252105943508777 138 32 30
SIR 88 16.460586509124212 137 33 30
SIR 89 16.478098504962972 136 34 30
SIR 90 16.576095543519692 135 35 30
SIR 91 16.637616908923057 134 36 30
SIR 92 16.72545728069408 133 37 30
SIR 93 17.242637318507608 132 38 30
SIR 94 17.286617971188022 131 39 30
SIR 95 17.543476706841854 130 40 30
SIR 96 17.72891829684515 129 41 30
SIR 97 17.882412155939566 129 40 31
SIR 98 17.960616388740764 128 41 31
SIR 99 17.981353916500964 127 42 31
SIR 100 18.02295772441118 126 43 31
SIR 101 18.036053312298208 125 44 31
SIR 102 18.08930759595652 124 45 31
SIR 103 18.191616405289523 124 44 32
SIR 104 18.20861701182893 124 43 33
SIR 105 18.57169682991192 123 44 33
SIR 106 18.57308719491681 123 43 34
SIR 107 18.923628636611376 122 44 34
SIR 108 19.025876025031245 122 43 35
SIR 109 19.130217411583835 121 44 35
SIR 110 19.153589575151038 120 45 35
SIR 111 19.190790430813397 120 44 36
SIR 112 19.479579522550427 120 43 37
SIR 113 19.484907711941748 119 44 37
SIR 114 19.635838558195218 119 43 38
SIR 115 19.693303901075097 118 44 38
SIR 116 19.69498983731166 117 45 38
SIR 117 19.73158579567343 117 44 39
SIR 118 19.745661720709048 117 43 40
SIR 119 19.852333430368738 117 42 41
SIR 120 19.90795379775133 116 43 41
SIR 121 20.010615328865846 115 44 41
SIR 122 20.10728009160858 114 45 41
SIR 123 20.13274334638635 113 46 41
SIR 124 20.287717564822252 112 47 41
SIR 125 20.843147675546447 112 46 42
SIR 126 21.13497336696994 111 47 42
SIR 127 21.141429140032507 110 48 42
SIR 128 21.14234860442008 109 49 42
SIR 129 21.32211138838799 108 50 42
SIR 130 21.531443788244307 107 51 42
SIR 131 21.62699231284947 106 52 42
SIR 132 21.629378956549537 105 53 42
SIR 133 21.6642001014653 104 54 42
SIR 134 21.99291678836914 103 55 42
SIR 135 22.101784385869916 102 56 42
SIR 136 22.12347318126395 101 57 42
SIR 137 22.294467856551318 100 58 42
SIR 138 22.29852849997859 100 57 43
SIR 139 22.330162043375633 100 56 44
SIR 140 22.523645100567897 100 55 45
SIR 141 22.55838606763399 100 54 46
SIR 142 22.62846787761531 99 55 46
SIR 143 22.637487804103877 99 54 47
SIR 144 22.750407300142022 98 55 47
SIR 145 22.84915360915166 97 56 47
SIR 146 22.989127342852825 96 57 47
SIR 147 23.043141180389686 96 56 48
SIR 148 23.30322154489514 95 57 48
SIR 149 23.36827415684021 94 58 48
SIR 150 23.465999779745275 94 57 49
SIR 151 23.493646394779226 93 58 49
SIR 152 23.555641780916883 93 57 50
SIR 153 23.755133530145937 93 56 51
SIR 154 23.757397932116355 93 55 52
SIR 155 23.761467637926994 93 54 53
SIR 156 23.817509724977825 93 53 54
SIR 157 23.90691000917665 92 54 54
SIR 158 23.953736911011827 91 55 54
SIR 159 23.993113889530424 91 54 55
SIR 160 24.04642410345594 90 55 55
SIR 161 24.068676494935072 90 54 56
SIR 162 24.200144826391718 89 55 56
SIR 163 24.23962567817073 88 56 56
SIR 164 24.35687534426831 87 57 56
SIR 165 24.6373116067588 86 58 56
SIR 166 24.73779728088828 86 57 57
SIR 167 24.80111759206277 86 56 58
SIR 168 25.087481610832175 85 57 58
SIR 169 25.097064171259486 85 56 59
SIR 170 25.10217464532385 84 57 59
SIR 171 25.116296265521484 84 56 60
SIR 172 25.20121388525313 84 55 61
SIR 173 25.2752907171812 84 54 62
SIR 174 25.27846467033459 83 55 62
SIR 175 25.464836619293433 83 54 63
SIR 176 25.47968727781528 83 53 64
SIR 177 25.480384674666283 83 52 65
SIR 178 25.54389227797965 83 51 66
SIR 179 25.6276649966323 82 52 66
SIR 180 25.66231459643431 81 53 66
SIR 181 25.78598346320815 80 54 66
SIR 182 25.800758423769256 80 53 67
SIR 183 25.929720407231937 80 52 68
SIR 184 25.98332769081549 79 53 68
SIR 185 26.001462253777138 79 52 69
SIR 186 26.0093570728325 79 51 70
SIR 187 26.016323610548273 78 52 70
SIR 188 26.02062087616644 78 51 71
SIR 189 26.02768128417262 78 50 72
SIR 190 26.03311810156098 77 51 72
SIR 191 26.118513001178652 77 50 73
SIR 192 26.194615071473315 77 49 74
SIR 193 26.261324910136228 77 48 75
SIR 194 26.33751567059201 77 47 76
SIR 195 26.48663061332725 77 46 77
SIR 196 26.747280164762596 77 45 78
SIR 197 26.778491428838315 76 46 78
SIR 198 27.258295430970268 76 45 79
SIR 199 27.490829146541845 75 46 79
SIR 200 27.64977696702998 75 45 80
SIR 201 27.708643208742163 74 46 80
SIR 202 27.714800736687348 73 47 80
SIR 203 27.811659892417143 72 48 80
SIR 204 27.84357362392253 72 47 81
SIR 205 27.936445511860402 71 48 81
SIR 206 27.98541567576709 71 47 82
SIR 207 28.098861664080417 71 46 83
SIR 208 28.10729439715756 71 45 84
SIR 209 28.172091027259086 71 44 85
SIR 210 28.236197902416574 70 45 85
SIR 211 28.289615914338835 69 46 85
SIR 212 28.30407622817109 69 45 86
SIR 213 28.311082189289426 68 46 86
SIR 214 28.37299193270161 68 45 87
SIR 215 28.47293064412915 68 44 88
SIR 216 28.519728838632187 67 45 88
SIR 217 28.55379431240063 67 44 89
SIR 218 28.622472113904497 66 45 89
SIR 219 28.676869326925363 66 44 90
SIR 220 28.9162684624078 66 43 91
SIR 221 28.966234534480023 66 42 92
SIR 222 29.084679030341963 66 41 93
SIR 223 29.27725970077911 65 42 93
SIR 224 29.39637289556133 65 41 94
SIR 225 29.495338423296136 64 42 94
SIR 226 29.544515638046995 64 41 95
SIR 227 29.63590037874033 63 42 95
SIR 228 30.00193214255907 63 41 96
SIR 229 30.134325259409476 62 42 96
SIR 230 30.211322432044952 62 41 97
SIR 231 30.319857541297083 62 40 98
SIR 232 30.400281468337507 61 41 98
SIR 233 30.738284004244523 60 42 98
SIR 234 30.994310745162064 59 43 98
SIR 235 31.24963052070598 59 42 99
SIR 236 31.35064799482461 58 43 99
SIR 237 31.42777787572846 58 42 100
SIR 238 31.562818436049223 58 41 101
SIR 239 31.586974053386328 57 42 101
SIR 240 31.63009554972356 56 43 101
SIR 241 31.665373351636966 55 44 101
SIR 242 31.854238412122488 54 45 101
SIR 243 31.946132826857237 53 46 101
SIR 244 31.953030476339507 52 47 101
SIR 245 31.987658228383985 51 48 101
SIR 246 32.05469960964052 51 47 102
SIR 247 32.275398963114 50 48 102
SIR 248 32.29963879678417 49 49 102
SIR 249 32.528016155408594 49 48 103
SIR 250 32.9053964665941 49 47 104
SIR 251 33.209934342410044 49 46 105
SIR 252 33.26821466065771 49 45 106
SIR 253 33.44804213065392 49 44 107
SIR 254 33.585309048285424 48 45 107
SIR 255 33.59261167305108 48 44 108
SIR 256 33.67113436025817 48 43 109
SIR 257 33.68625465738615 47 44 109
SIR 258 34.04473623740875 46 45 109
SIR 259 34.15398453188931 45 46 109
SIR 260 34.17869256664832 44 47 109
SIR 261 34.1850274651914 44 46 110
SIR 262 34.255595048815195 44 45 111
SIR 263 34.278885100926836 43 46 111
SIR 264 34.28349927918639 43 45 112
SIR 265 34.34544574424136 43 44 113
SIR 266 35.09212939659964 42 45 113
SIR 267 35.13349564848575 42 44 114
SIR 268 35.38321321599598 42 43 115
SIR 269 35.408117724767685 42 42 116
SIR 270 35.49118582940294 41 43 116
SIR 271 35.60588163563886 41 42 117
SIR 272 35.802832126903986 41 41 118
SIR 273 35.91832992662741 41 40 119
SIR 274 35.97395489603069 41 39 120
SIR 275 36.16810268046789 41 38 121
SIR 276 36.26244062455518 40 39 121
SIR 277 36.304924808231476 40 38 122
SIR 278 36.59850655444072 40 37 123
SIR 279 36.63893045934141 40 36 124
SIR 280 36.67687935910751 40 35 125
SIR 281 36.83105668966081 40 34 126
SIR 282 36.99268837991282 39 35 126
SIR 283 37.29393489916373 39 34 127
SIR 284 37.78589298218796 39 33 128
SIR 285 37.99489600496144 39 32 129
SIR 286 38.15642328191291 39 31 130
SIR 287 38.50369541441658 38 32 130
SIR 288 38.70220027672298 38 31 131
SIR 289 38.840448513134625 38 30 132
SIR 290 38.97206937739202 38 29 133
SIR 291 39.049318441717524 38 28 134
SIR 292 40.23926977588726 38 27 135
SIR 293 40.2516846377097 37 28 135
SIR 294 40.39320791738741 37 27 136
SIR 295 40.56670982250761 36 28 136
SIR 296 40.59455864862572 36 27 137
SIR 297 40.914612259934174 36 26 138
SIR 298 41.381640308076804 36 25 139
SIR 299 41.76424162643665 36 24 140
SIR 300 41.86701826737695 36 23 141
SIR 301 42.17940760102254 36 22 142
SIR 302 42.43165549424475 36 21 143
SIR 303 42.545454754658536 36 20 144
SIR 304 42.71903096702002 36 19 145
SIR 305 43.415986581557895 36 18 146
SIR 306 44.067443267532 36 17 147
SIR 307 44.33300935313557 36 16 148
SIR 308 44.6393547675044 36 15 149
SIR 309 45.06469380116393 36 14 150
SIR 310 45.106093164208076 36 13 151
SIR 311 45.50356857195289 36 12 152
SIR 312 46.706055783793616 35 13 152
SIR 313 47.015039222624246 35 12 153
SIR 314 47.63757908634435 35 11 154
SIR 315 49.27756262407825 35 10 155
SIR 316 50.75667785566253 34 11 155
SIR 317 51.125400436006 34 10 156
SIR 318 52.197709663812056 34 9 157
SIR 319 52.929316953015814 34 8 158
SIR 320 53.423117320580495 33 9 158
SIR 321 53.72434530987608 33 8 159
SIR 322 54.14197610229256 33 7 160
SIR 323 59.17645180678782 32 8 160
SIR 324 59.214086831947036 32 7 161
SIR 325 60.34731807944339 32 6 162
SIR 326 60.78228758791542 32 5 163
SIR 327 62.658214275117835 31 6 163
SIR 328 62.73531628026375 31 5 164
SIR 329 64.29654872907683 31 4 165
SIR 330 66.01692169034935 31 3 166
SIR 331 68.43655682939162 31 2 167
SIR 332 69.08874747556352 31 1 168
SIR 333 72.31912003076381 31 0 169
