action step time popS popI popR
- 0 0.0 195 5 0
SIR 1 0.4991523075284117 195 4 1
SIR 2 0.5895098288754157 194 5 1
SIR 3 1.3622727392060365 193 6 1
SIR 4 1.4128132709543635 192 7 1
SIR 5 1.7544186036823728 191 8 1
SIR 6 1.8396993404505544 190 9 1
SIR 7 2.2439437432558678 189 10 1
SIR 8 2.3734248757555036 188 11 1
SIR 9 2.5386255169660115 188 10 2
SIR 10 3.0097013570481117 187 11 2
SIR 11 3.1146206456716268 187 10 3
SIR 12 3.127668440719492 186 11 3
SIR 13 3.389698504944335 185 12 3
SIR 14 3.417616398062846 184 13 3
SIR 15 3.539518892700827 183 14 3
SIR 16 3.6341404660388763 182 15 3
SIR 17 3.989354905835676 182 14 4
SIR 18 4.131959877864221 182 13 5
SIR 19 5.22438318774185 182 12 6
SIR 20 5.270044718751068 181 13 6
SIR 21 5.286208575625598 181 12 7
SIR 22 5.483913601686068 181 11 8
SIR 23 5.557725064064365 181 10 9
SIR 24 5.958493785776709 180 11 9
SIR 25 6.138544184443463 179 12 9
SIR 26 6.24105892459056 178 13 9
SIR 27 7.104938121784192 177 14 9
SIR 28 7.598684953532761 176 15 9
SIR 29 8.298402095216593 175 16 9
SIR 30 8.583987092943582 174 17 9
SIR 31 8.589302196219158 173 18 9
SIR 32 9.048619932774168 172 19 9
SIR 33 9.128093309957617 171 20 9
SIR 34 9.694909054471344 171 19 10
SIR 35 9.721541820887163 170 20 10
SIR 36 9.831140199397181 170 19 11
SIR 37 10.108998154544837 169 20 11
SIR 38 10.143512739347246 169 19 12
SIR 39 10.72616010242104 168 20 12
SIR 40 10.75746906361095 167 21 12
SIR 41 10.885011351257768 166 22 12
SIR 42 10.922698815879553 165 23 12
SIR 43 11.093443593799403 165 22 13
SIR 44 11.235965824798843 165 21 14
SIR 45 11.239164037268305 165 20 15
SIR 46 11.381446668696945 165 19 16
SIR 47 11.393047844639929 165 18 17
SIR 48 11.485632489582152 164 19 17
SIR 49 11.660384045222706 163 20 17
SIR 50 11.804910915115496 162 21 17
SIR 51 12.151024594779615 161 22 17
SIR 52 12.261399795529892 161 21 18
SIR 53 12.412013528173567 160 22 18
SIR 54 12.417569028869012 159 23 18
SIR 55 12.931315035914771 158 24 18
SIR 56 13.000557848601138 157 25 18
SIR 57 13.151848006908448 156 26 18
SIR 58 13.391356820795975 155 27 18
SIR 59 13.487236200786864 154 28 18
SIR 60 13.495721064387144 154 27 19
SIR 61 14.022923553941677 153 28 19
SIR 62 14.040235768633554 152 29 19
SIR 63 14.488968199229065 151 30 19
SIR 64 14.537152478499149 150 31 19
SIR 65 14.813091449628635 150 30 20
SIR 66 14.82194802546241 149 31 20
SIR 67 15.002511343666576 148 32 20
SIR 68 15.027443743636768 148 31 21
SIR 69 15.031328429480402 147 32 21
SIR 70 15.131724606604013 146 33 21
SIR 71 15.247329600711213 146 32 22
SIR 72 15.286481262777285 146 31 23
SIR 73 15.5956543889288 145 32 23
SIR 74 15.630731291723889 144 33 23
SIR 75 15.681222145021895 143 34 23
SIR 76 15.754134716966966 143 33 24
SIR 77 15.843210959779336 143 32 25
SIR 78 15.848886167632891 142 33 25
SIR 79 15.880336889689955 142 32 26
SIR 80 15.982011871382914 141 33 26
SIR 81 16.527010052886872 141 32 27
SIR 82 16.543163407660188 140 33 27
SIR 83 16.585693824958533 140 32 28
SIR 84 16.643768079267907 139 33 28
SIR 85 16.866748008474953 139 32 29
SIR 86 17.068907111978167 139 31 30
SIR 87 17.094963153381748 138 32 30
SIR 88 17.171047827545923 138 31 31
SIR 89 17.247156827733157 137 32 31
SIR 90 17.651058206803896 136 33 31
SIR 91 17.703213018485613 136 32 32
SIR 92 17.769516651021853 136 31 33
SIR 93 17.81222343191289 136 30 34
SIR 94 17.870271768568507 136 29 35
SIR 95 17.874871761867837 135 30 35
SIR 96 18.311589585793076 134 31 35
SIR 97 18.394841798914523 133 32 35
SIR 98 18.54536989865177 132 33 35
SIR 99 18.66495004003 131 34 35
SIR 100 18.874943739683264 130 35 35
SIR 101 18.894389725104674 129 36 35
SIR 102 18.96736975787055 128 37 35
SIR 103 19.086647927695612 128 36 36
SIR 104 19.11026486594535 128 35 37
SIR 105 19.120351456396335 128 34 38
SIR 106 19.238322539105372 127 35 38
SIR 107 19.28642781211522 127 34 39
SIR 108 19.557374304289752 126 35 39
SIR 109 19.55745434904284 125 36 39
SIR 110 19.85090903333508 125 35 40
SIR 111 19.884909897298797 125 34 41
SIR 112 19.904255739675584 124 35 41
SIR 113 20.23272327170425 124 34 42
SIR 114 20.390483826107825 123 35 42
SIR 115 20.41932215266153 122 36 42
SIR 116 20.541353398231657 121 37 42
SIR 117 20.5931249991789 120 38 42
SIR 118 20.651963316415554 119 39 42
SIR 119 20.710138044721436 119 38 43
SIR 120 20.745026317623108 119 37 44
SIR 121 20.756545755787055 119 36 45
SIR 122 20.767345759424863 119 35 46
SIR 123 20.787815838832042 118 36 46
SIR 124 20.82077839187214 117 37 46
SIR 125 20.827642516627034 117 36 47
SIR 126 20.89720718159117 117 35 48
SIR 127 21.432520224340372 116 36 48
SIR 128 21.51710797180017 115 37 48
SIR 129 21.517753839287995 114 38 48
SIR 130 21.563138060508358 113 39 48
SIR 131 21.597313745805753 113 38 49
SIR 132 22.117439246371838 113 37 50
SIR 133 22.43706858090246 112 38 50
SIR 134 22.451077280567688 112 37 51
SIR 135 22.484898589163308 112 36 52
SIR 136 22.55358994921897 111 37 52
SIR 137 22.65139296595899 110 38 52
SIR 138 22.741517004396325 109 39 52
SIR 139 22.878602119391847 109 38 53
SIR 140 22.93732155738207 109 37 54
SIR 141 23.010104328635176 108 38 54
SIR 142 23.179812134366543 108 37 55
SIR 143 23.200640570713333 107 38 55
SIR 144 23.2840011667682 107 37 56
SIR 145 23.471920240917363 107 36 57
SIR 146 23.499243834289626 107 35 58
SIR 147 23.53836085921033 107 34 59
SIR 148 23.64283149912049 106 35 59
SIR 149 23.81142198529914 106 34 60
SIR 150 23.823293076469298 106 33 61
SIR 151 23.89912560029188 106 32 62
SIR 152 23.94174785381704 105 33 62
SIR 153 23.988807267906868 105 32 63
SIR 154 24.04017267025335 104 33 63
SIR 155 24.23576902988277 104 32 64
SIR 156 24.44866661655872 104 31 65
SIR 157 24.815450044462164 104 30 66
SIR 158 25.499487827462726 104 29 67
SIR 159 26.05531291925091 104 28 68
SIR 160 26.265756332822487 104 27 69
SIR 161 26.278373162508935 103 28 69
SIR 162 26.36428617044973 102 29 69
SIR 163 26.6615689854458 101 30 69
SIR 164 26.761869681820052 101 29 70
SIR 165 27.342922184738068 100 30 70
SIR 166 27.693981605074303 99 31 70
SIR 167 27.993154335031235 99 30 71
SIR 168 28.502200445726988 99 29 72
SIR 169 28.554489331029465 98 30 72
SIR 170 28.648108987251714 97 31 72
SIR 171 28.685310260203792 96 32 72
SIR 172 29.15809515302244 96 31 73
SIR 173 29.26625607682495 96 30 74
SIR 174 29.316409982200792 95 31 74
SIR 175 29.335426277568246 94 32 74
SIR 176 29.358640305850248 94 31 75
SIR 177 29.925113986073892 93 32 75
SIR 178 30.308219597579008 93 31 76
SIR 179 30.429882453095175 93 30 77
SIR 180 30.448846148765035 93 29 78
SIR 181 30.469153968131863 93 28 79
SIR 182 30.832952291532948 93 27 80
SIR 183 30.874211720547994 92 28 80
SIR 184 30.922813576771578 91 29 80
SIR 185 31.17245104350271 91 28 81
SIR 186 31.214323982889677 91 27 82
SIR 187 31.336282511657384 91 26 83
SIR 188 31.439785597461388 90 27 83
SIR 189 31.69375818347298 89 28 83
SIR 190 31.745695180274662 89 27 84
SIR 191 31.909530995843834 88 28 84
SIR 192 32.02487894102106 87 29 84
SIR 193 32.063236405568894 87 28 85
SIR 194 32.237644873043024 87 27 86
SIR 195 32.94082365686303 86 28 86
SIR 196 32.94585804161484 86 27 87
SIR 197 33.06790621112832 86 26 88
SIR 198 33.398964745298414 85 27 88
SIR 199 33.69449503126296 85 26 89
SIR 200 33.87589800943681 84 27 89
SIR 201 33.959979062875455 84 26 90
SIR 202 34.17956185368719 84 25 91
SIR 203 34.389589195998695 84 24 92
SIR 204 34.87424821093643 84 23 93
SIR 205 35.29137810246435 84 22 94
SIR 206 35.475734749188476 83 23 94
SIR 207 35.905955663675364 83 22 95
SIR 208 36.04320358341998 82 23 95
SIR 209 36.110059541314634 81 24 95
SIR 210 36.27906082678769 81 23 96
SIR 211 36.32127766197887 81 22 97
SIR 212 36.517341260309685 81 21 98
SIR 213 38.03383660689959 80 22 98
SIR 214 38.1602904911576 80 21 99
SIR 215 38.654113005277146 80 20 100
SIR 216 39.285572363406295 80 19 101
SIR 217 39.57342174316309 79 20 101
SIR 218 39.74576872628471 79 19 102
SIR 219 40.48841622360206 79 18 103
SIR 220 40.567270428655384 79 17 104
SIR 221 40.75780684263293 79 16 105
SIR 222 40.76015140488347 78 17 105
SIR 223 41.48810976886599 77 18 105
SIR 224 41.525494514611545 77 17 106
SIR 225 42.02268358215362 77 16 107
SIR 226 42.562539560921955 76 17 107
SIR 227 43.304342611576985 76 16 108
SIR 228 43.459467799290444 75 17 108
SIR 229 44.6694415805272 75 16 109
SIR 230 45.469228588686185 75 15 110
SIR 231 45.51197171352559 74 16 110
SIR 232 45.55037186978351 73 17 110
SIR 233 46.02609790990616 73 16 111
SIR 234 47.349510934383694 72 17 111
SIR 235 47.412986541891335 72 16 112
SIR 236 48.38130121075267 72 15 113
SIR 237 48.76841989562546 72 14 114
SIR 238 49.69715163625872 71 15 114
SIR 239 51.266144972690796 71 14 115
SIR 240 51.57085022596084 70 15 115
SIR 241 53.18510654388984 69 16 115
SIR 242 55.28703680366912 68 17 115
SIR 243 55.44239123893316 67 18 115
SIR 244 55.49542423758277 66 19 115
SIR 245 55.64768099318038 65 20 115
SIR 246 56.46044138210377 65 19 116
SIR 247 56.49235284792867 65 18 117
SIR 248 57.00688345433638 64 19 117
SIR 249 57.04380643593544 64 18 118
SIR 250 57.36067303917262 63 19 118
SIR 251 57.85758018766517 63 18 119
SIR 252 57.9565868515049 63 17 120
SIR 253 58.38313538807771 63 16 121
SIR 254 58.72283676765743 63 15 122
SIR 255 58.87082016884114 63 14 123
SIR 256 59.00138097096431 63 13 124
SIR 257 59.394995223240535 63 12 125
SIR 258 59.60722289077002 63 11 126
SIR 259 59.74147364152954 63 10 127
SIR 260 60.15511273415156 62 11 127
SIR 261 60.89290842623299 61 12 127
SIR 262 61.86736046346908 61 11 128
SIR 263 62.3099082668506 60 12 128
SIR 264 63.07660320069132 59 13 128
SIR 265 63.3613825330612 58 14 128
SIR 266 63.82711429745915 58 13 129
SIR 267 64.2654529580106 58 12 130
SIR 268 64.80670524377574 58 11 131
SIR 269 65.00107630309859 58 10 132
SIR 270 66.8781349055616 58 9 133
SIR 271 67.27560005612378 58 8 134
SIR 272 68.5377637776348 58 7 135
SIR 273 71.7427789438089 57 8 135
SIR 274 71.7525184678758 56 9 135
SIR 275 72.35353140409569 55 10 135
SIR 276 72.48696544495442 54 11 135
SIR 277 73.06367813600329 53 12 135
SIR 278 75.44716549616857 53 11 136
SIR 279 75.45058659374386 53 10 137
SIR 280 76.39241443629327 52 11 137
SIR 281 76.49473490515471 51 12 137
SIR 282 76.52281417678527 50 13 137
SIR 283 77.98214386039612 50 12 138
SIR 284 78.17039165029557 49 13 138
SIR 285 78.39944156065854 48 14 138
SIR 286 78.55162584993779 48 13 139
SIR 287 79.33989602166932 48 12 140
SIR 288 82.78986935956206 48 11 141
SIR 289 82.93377748580583 48 10 142
SIR 290 84.87172042330525 48 9 143
SIR 291 85.80967268906727 47 10 143
SIR 292 86.60427314856835 46 11 143
SIR 293 88.17659613980815 46 10 144
SIR 294 88.31690819147695 46 9 145
SIR 295 89.04526201690283 46 8 146
SIR 296 89.7234850999234 46 7 147
SIR 297 90.63720587997283 46 6 148
SIR 298 90.97365734084822 46 5 149
SIR 299 92.53075409065242 46 4 150
SIR 300 98.29167768689751 46 3 151
SIR 301 99.6273320911598 46 2 152
SIR 302 104.88045712510606 46 1 153
SIR 303 109.03189090651317 46 0 154
