action step time popS popI popR
- 0 0.0 145 5 0
SIR 1 0.22034747543126243 145 4 1
SIR 2 0.4570642974767163 144 5 1
SIR 3 2.610882043735118 143 6 1
SIR 4 2.836356565155926 142 7 1
SIR 5 3.2668575909978745 141 8 1
SIR 6 3.908100172235022 141 7 2
SIR 7 5.18599713342902 140 8 2
SIR 8 5.987589256810308 140 7 3
SIR 9 7.200718745812066 140 6 4
SIR 10 8.290056425673848 140 5 5
SIR 11 12.580305980864637 139 6 5
SIR 12 12.9608450349709 138 7 5
SIR 13 13.661221132481156 137 8 5
SIR 14 14.234775731469936 137 7 6
SIR 15 14.691627405907212 136 8 6
SIR 16 14.727168067379838 136 7 7
SIR 17 15.065660131662607 136 6 8
SIR 18 15.35230055759069 135 7 8
SIR 19 16.40157375046258 134 8 8
SIR 20 17.170347195460256 134 7 9
SIR 21 18.78654316528163 133 8 9
SIR 22 19.46572823203774 132 9 9
SIR 23 19.801681195480867 132 8 10
SIR 24 19.997001097710083 132 7 11
SIR 25 20.431418666098747 131 8 11
SIR 26 20.690987854778882 130 9 11
SIR 27 20.717711035567657 129 10 11
SIR 28 21.219537006386716 129 9 12
SIR 29 22.541258111440243 128 10 12
SIR 30 23.253680879810677 127 11 12
SIR 31 24.38791310811726 127 10 13
SIR 32 24.529665516854596 126 11 13
SIR 33 25.395853409354743 125 12 13
SIR 34 25.727683000382125 124 13 13
SIR 35 26.575084846492306 123 14 13
SIR 36 27.58961585260869 122 15 13
SIR 37 27.63403511319763 121 16 13
SIR 38 27.692859870035562 120 17 13
SIR 39 27.71280886578279 120 16 14
SIR 40 28.087855187409787 119 17 14
SIR 41 28.392250390808634 119 16 15
SIR 42 28.74575096029002 119 15 16
SIR 43 28.88200959786702 119 14 17
SIR 44 29.256664656870324 118 15 17
SIR 45 29.432022741501136 118 14 18
SIR 46 29.435035381496856 117 15 18
SIR 47 29.519054658364247 117 14 19
SIR 48 29.804480775886095 117 13 20
SIR 49 29.9328099852158 117 12 21
SIR 50 30.789458343620584 117 11 22
SIR 51 31.247895543229316 116 12 22
SIR 52 31.27824550901549 115 13 22
SIR 53 31.412101742584596 114 14 22
SIR 54 31.70454922744326 114 13 23
SIR 55 32.10297874897836 114 12 24
SIR 56 32.522624549162 114 11 25
SIR 57 33.39981914951024 114 10 26
SIR 58 34.009384497529865 114 9 27
SIR 59 34.12093474980294 113 10 27
SIR 60 34.12403307537545 113 9 28
SIR 61 35.445942424635334 112 10 28
SIR 62 35.462345796509744 111 11 28
SIR 63 35.69112635195563 110 12 28
SIR 64 36.157012048135776 110 11 29
SIR 65 36.2186048007287 109 12 29
SIR 66 36.29300496840597 108 13 29
SIR 67 36.921079457531036 108 12 30
SIR 68 37.17736163187382 108 11 31
SIR 69 37.28460845044797 107 12 31
SIR 70 38.02464566601936 106 13 31
SIR 71 38.534935268230484 105 14 31
SIR 72 39.005159509093104 104 15 31
SIR 73 39.951471204195414 103 16 31
SIR 74 40.29132761531143 102 17 31
SIR 75 40.62380157738867 101 18 31
SIR 76 40.97288483730188 100 19 31
SIR 77 41.00057056444337 100 18 32
SIR 78 41.06649780286794 99 19 32
SIR 79 41.11812738535793 99 18 33
SIR 80 41.150286283166864 98 19 33
SIR 81 41.16698382622252 98 18 34
SIR 82 41.775301845702984 98 17 35
SIR 83 41.80099196481214 98 16 36
SIR 84 42.49974547901783 98 15 37
SIR 85 42.54563817042758 98 14 38
SIR 86 43.04098367454151 97 15 38
SIR 87 43.08747260475514 97 14 39
SIR 88 43.134475029243845 97 13 40
SIR 89 43.48995958175954 97 12 41
SIR 90 43.737184341173666 96 13 41
SIR 91 45.40390128214387 95 14 41
SIR 92 45.62133086924818 94 15 41
SIR 93 46.14984900490847 93 16 41
SIR 94 46.70737382868968 93 15 42
SIR 95 46.832060220662115 93 14 43
SIR 96 46.87405862985889 92 15 43
SIR 97 47.399125828837946 91 16 43
SIR 98 47.979278345418635 91 15 44
SIR 99 48.05459101071083 90 16 44
SIR 100 48.14842418661782 89 17 44
SIR 101 48.310346996915406 89 16 45
SIR 102 48.87775058332438 89 15 46
SIR 103 49.45062375944927 89 14 47
SIR 104 49.703332565252566 88 15 47
SIR 105 49.740109464162956 87 16 47
SIR 106 49.74499700933386 87 15 48
SIR 107 50.59977245330703 87 14 49
SIR 108 50.71244014019634 87 13 50
SIR 109 51.18390415910823 87 12 51
SIR 110 51.99350984269069 87 11 52
SIR 111 53.6261801253706 87 10 53
SIR 112 54.40127001543188 86 11 53
SIR 113 54.42478606189026 85 12 53
SIR 114 54.49915889381313 84 13 53
SIR 115 54.79710923346604 84 12 54
SIR 116 54.95178735032914 83 13 54
SIR 117 55.27928798410952 82 14 54
SIR 118 55.37463782270194 82 13 55
SIR 119 55.93084077557416 81 14 55
SIR 120 55.96100493521433 81 13 56
SIR 121 55.9665817391949 81 12 57
SIR 122 56.26919146635967 80 13 57
SIR 123 56.34743561645556 79 14 57
SIR 124 56.48578195512352 78 15 57
SIR 125 56.675762594804276 77 16 57
SIR 126 56.913540089705236 76 17 57
SIR 127 57.493122620055495 76 16 58
SIR 128 57.541062434309964 75 17 58
SIR 129 57.681296417164205 75 16 59
SIR 130 57.96604967994916 74 17 59
SIR 131 58.584565875449265 74 16 60
SIR 132 58.753603678257186 73 17 60
SIR 133 58.78037922600813 72 18 60
SIR 134 60.546998425386654 71 19 60
SIR 135 60.55976066601594 70 20 60
SIR 136 60.56110038651232 70 19 61
SIR 137 60.81730610632619 70 18 62
SIR 138 61.66109315161653 70 17 63
SIR 139 62.253523452424545 70 16 64
SIR 140 63.349345691295724 69 17 64
SIR 141 63.49432369959767 68 18 64
SIR 142 63.76559395031366 68 17 65
SIR 143 64.34725666168193 67 18 65
SIR 144 64.89738056384552 67 17 66
SIR 145 65.38714109766647 67 16 67
SIR 146 65.44199503505978 66 17 67
SIR 147 65.84645871269298 65 18 67
SIR 148 66.12213450104716 64 19 67
SIR 149 66.49408565149699 64 18 68
SIR 150 66.87203196424346 64 17 69
SIR 151 67.1573904496762 64 16 70
SIR 152 67.21129649763647 64 15 71
SIR 153 67.45413782178125 64 14 72
SIR 154 68.11250082869533 63 15 72
SIR 155 68.27567821473954 63 14 73
SIR 156 68.66718630372986 62 15 73
SIR 157 68.8188437801789 62 14 74
SIR 158 69.07317465701348 61 15 74
SIR 159 69.1492619600359 60 16 74
SIR 160 69.72702585685744 59 17 74
SIR 161 70.08752085488757 59 16 75
SIR 162 70.40882782553506 59 15 76
SIR 163 70.51474322421872 59 14 77
SIR 164 70.52408625261911 59 13 78
SIR 165 71.21740194433436 58 14 78
SIR 166 71.63504365607625 58 13 79
SIR 167 72.00866592364197 58 12 80
SIR 168 72.24051899761373 58 11 81
SIR 169 73.23114457441942 58 10 82
SIR 170 74.50767459437638 57 11 82
SIR 171 75.73970631029908 57 10 83
SIR 172 76.44984253557644 57 9 84
SIR 173 77.82762873348527 57 8 85
SIR 174 77.87959639123314 57 7 86
SIR 175 78.29192102726716 57 6 87
SIR 176 79.12605360761852 57 5 88
SIR 177 81.60639883112235 56 6 88
SIR 178 83.94278441350787 55 7 88
SIR 179 84.30344227155585 54 8 88
SIR 180 85.39167420275686 53 9 88
SIR 181 85.53940121800456 53 8 89
SIR 182 85.66029691865366 52 9 89
SIR 183 85.85826800329632 52 8 90
SIR 184 86.124606549691 52 7 91
SIR 185 86.43889033603925 52 6 92
SIR 186 86.92660820035691 51 7 92
SIR 187 86.99983690273129 51 6 93
SIR 188 89.66615304599239 50 7 93
SIR 189 90.78760698979414 50 6 94
SIR 190 93.35458559463186 49 7 94
SIR 191 94.98379464230719 49 6 95
SIR 192 95.67841483076499 49 5 96
SIR 193 97.56871109754344 49 4 97
SIR 194 97.89928048640624 49 3 98
SIR 195 104.11797160502121 48 4 98
SIR 196 104.24929474984444 48 3 99
SIR 197 104.95214399959184 48 2 100
SIR 198 108.49129813096931 48 1 101
SIR 199 114.5147308859612 48 0 102
