action step time popS popI popR
- 0 0.0 170 5 0
SIR 1 0.9791204757919134 169 6 0
SIR 2 2.0471713906595452 169 5 1
SIR 3 2.173224182906852 169 4 2
SIR 4 4.0701958955622075 169 3 3
SIR 5 4.332628619629823 168 4 3
SIR 6 6.152148154082946 167 5 3
SIR 7 6.174582695284089 167 4 4
SIR 8 6.6447783630122705 166 5 4
SIR 9 7.166719382943841 166 4 5
SIR 10 7.231607052180096 165 5 5
SIR 11 7.605991196408066 164 6 5
SIR 12 7.823630650295426 163 7 5
SIR 13 8.069271879974147 162 8 5
SIR 14 8.150811469188428 161 9 5
SIR 15 8.937743652735302 161 8 6
SIR 16 10.4683515147317 160 9 6
SIR 17 10.901719626978396 160 8 7
SIR 18 10.945963025579937 159 9 7
SIR 19 11.599335482898734 159 8 8
SIR 20 11.847633397788783 159 7 9
SIR 21 12.231340129265144 158 8 9
SIR 22 12.86891110637558 157 9 9
SIR 23 12.9835366724717 157 8 10
SIR 24 13.098798572670272 156 9 10
SIR 25 13.316168184414664 156 8 11
SIR 26 13.368087903320713 155 9 11
SIR 27 13.602465049566295 155 8 12
SIR 28 14.285491182637857 154 9 12
SIR 29 15.567537854965138 154 8 13
SIR 30 15.622334670552966 154 7 14
SIR 31 15.723035355444813 153 8 14
SIR 32 15.78404212826087 152 9 14
SIR 33 16.531990265956516 151 10 14
SIR 34 16.946118014941078 150 11 14
SIR 35 17.52704958850018 149 12 14
SIR 36 18.105541262755384 149 11 15
SIR 37 18.163723134553603 149 10 16
SIR 38 18.56059839540147 148 11 16
SIR 39 18.73134184362452 148 10 17
SIR 40 19.621742697730983 148 9 18
SIR 41 19.919533392611584 148 8 19
SIR 42 20.10553547637649 147 9 19
SIR 43 20.532498512737572 146 10 19
SIR 44 21.041435360886275 146 9 20
SIR 45 21.397625088566258 146 8 21
SIR 46 21.462260409245125 146 7 22
SIR 47 21.60154035468863 146 6 23
SIR 48 22.075097642681456 146 5 24
SIR 49 22.574175144296362 145 6 24
SIR 50 23.03736229740108 144 7 24
SIR 51 23.523394550536974 144 6 25
SIR 52 25.123715584041957 144 5 26
SIR 53 27.13287711962965 143 6 26
SIR 54 27.21063714240008 142 7 26
SIR 55 27.36100819959316 141 8 26
SIR 56 27.38162922931173 140 9 26
SIR 57 28.49404757837662 139 10 26
SIR 58 28.702051881900314 138 11 26
SIR 59 28.839387124474033 138 10 27
SIR 60 28.91671548284287 137 11 27
SIR 61 28.988354423962516 136 12 27
SIR 62 29.107692612393144 136 11 28
SIR 63 30.85023949451154 135 12 28
SIR 64 31.709549613458552 135 11 29
SIR 65 31.880553404027918 134 12 29
SIR 66 32.27945277488119 133 13 29
SIR 67 32.322722084035526 133 12 30
SIR 68 32.631528839432676 132 13 30
SIR 69 33.25862961141483 131 14 30
SIR 70 33.373322964271246 130 15 30
SIR 71 33.84062271664847 129 16 30
SIR 72 33.94520281938799 128 17 30
SIR 73 33.995087765160775 127 18 30
SIR 74 34.115383638022365 127 17 31
SIR 75 34.511259685802465 126 18 31
SIR 76 34.52470870338785 125 19 31
SIR 77 34.59274620281349 124 20 31
SIR 78 34.72264578293236 124 19 32
SIR 79 34.837365924965255 123 20 32
SIR 80 35.134572615615006 123 19 33
SIR 81 35.31507127084319 122 20 33
SIR 82 35.38771167993368 122 19 34
SIR 83 35.48867459960359 121 20 34
SIR 84 35.944798782737266 121 19 35
SIR 85 36.37545857436369 120 20 35
SIR 86 36.384770454933104 120 19 36
SIR 87 36.462251882456485 119 20 36
SIR 88 36.48531991293086 118 21 36
SIR 89 36.542236639692106 117 22 36
SIR 90 37.04444021396539 117 21 37
SIR 91 37.22841702810782 117 20 38
SIR 92 37.71289304839199 116 21 38
SIR 93 37.8636350884272 116 20 39
SIR 94 38.327098253956514 116 19 40
SIR 95 38.40530738094384 116 18 41
SIR 96 38.9005350238833 116 17 42
SIR 97 39.1663959160277 116 16 43
SIR 98 39.58897664713498 116 15 44
SIR 99 40.15858694643535 116 14 45
SIR 100 40.549520933576716 115 15 45
SIR 101 40.8311336003123 115 14 46
SIR 102 41.14902964803936 114 15 46
SIR 103 42.55668961811862 113 16 46
SIR 104 42.67286194938183 112 17 46
SIR 105 42.74215476625639 112 16 47
SIR 106 43.03657369016881 112 15 48
SIR 107 43.95622410122996 111 16 48
SIR 108 44.10088542624068 111 15 49
SIR 109 45.464030917604155 111 14 50
SIR 110 45.810520800361694 111 13 51
SIR 111 46.47820413464542 111 12 52
SIR 112 46.815666580156815 110 13 52
SIR 113 47.085596110006016 110 12 53
SIR 114 47.7014644679508 110 11 54
SIR 115 47.771754020788265 109 12 54
SIR 116 47.791978927565616 109 11 55
SIR 117 47.93963145434131 108 12 55
SIR 118 48.17167907143839 107 13 55
SIR 119 48.37159645117338 106 14 55
SIR 120 48.81949593331439 105 15 55
SIR 121 48.88057445543527 104 16 55
SIR 122 50.0161989009884 104 15 56
SIR 123 50.06981108850288 103 16 56
SIR 124 50.150716924107705 102 17 56
SIR 125 50.88365785383292 101 18 56
SIR 126 50.90521825975826 100 19 56
SIR 127 51.95004942447743 100 18 57
SIR 128 52.567465832765336 100 17 58
SIR 129 52.99518652890136 99 18 58
SIR 130 53.46960887891067 98 19 58
SIR 131 53.88332197792349 97 20 58
SIR 132 54.68545610374345 96 21 58
SIR 133 54.98509663308892 96 20 59
SIR 134 55.079617959064514 95 21 59
SIR 135 55.114146581076135 94 22 59
SIR 136 55.172664331839755 93 23 59
SIR 137 55.42154251851744 93 22 60
SIR 138 55.628598711116574 93 21 61
SIR 139 55.71370752615801 92 22 61
SIR 140 55.79865289576538 92 21 62
SIR 141 55.810182261240875 92 20 63
SIR 142 55.92158091894622 91 21 63
SIR 143 56.105528792945414 90 22 63
SIR 144 56.339504834401154 89 23 63
SIR 145 56.864083299078345 89 22 64
SIR 146 57.1001566301324 88 23 64
SIR 147 57.43153646473484 87 24 64
SIR 148 57.67095761843095 86 25 64
SIR 149 57.81707038060698 85 26 64
SIR 150 57.9712628201396 85 25 65
SIR 151 57.99430460021848 85 24 66
SIR 152 58.08701251051771 85 23 67
SIR 153 58.11914639424032 84 24 67
SIR 154 59.37931707891935 84 23 68
SIR 155 59.57617347868449 84 22 69
SIR 156 59.987053637030975 84 21 70
SIR 157 60.12672745557362 84 20 71
SIR 158 60.88071374307852 83 21 71
SIR 159 60.918070902379114 83 20 72
SIR 160 61.181681279925144 83 19 73
SIR 161 62.393451430041736 82 20 73
SIR 162 62.49971437439739 81 21 73
SIR 163 62.53254141950461 80 22 73
SIR 164 62.84957068100747 79 23 73
SIR 165 62.876152213393944 79 22 74
SIR 166 63.05432386139589 79 21 75
SIR 167 63.39051021810793 79 20 76
SIR 168 63.674696834552144 79 19 77
SIR 169 64.45134904325593 78 20 77
SIR 170 64.54467205936712 78 19 78
SIR 171 64.62086843964278 77 20 78
SIR 172 64.72527112826735 77 19 79
SIR 173 64.90719243030985 76 20 79
SIR 174 65.21507577421795 75 21 79
SIR 175 66.33737208952256 75 20 80
SIR 176 66.46040048221282 75 19 81
SIR 177 66.51885680445069 75 18 82
SIR 178 66.61754312548435 74 19 82
SIR 179 67.51942928021695 73 20 82
SIR 180 67.73172511159795 72 21 82
SIR 181 67.80258929869329 72 20 83
SIR 182 68.29703733141226 71 21 83
SIR 183 68.32134735572743 71 20 84
SIR 184 68.33210322315955 70 21 84
SIR 185 68.55323398063776 70 20 85
SIR 186 68.84506117522359 69 21 85
SIR 187 68.86033880423442 69 20 86
SIR 188 69.46128714407429 69 19 87
SIR 189 69.87642278412581 68 20 87
SIR 190 70.70809016088761 67 21 87
SIR 191 71.49247962928274 66 22 87
SIR 192 71.63223210714726 66 21 88
SIR 193 71.79190161513876 66 20 89
SIR 194 71.92539891088691 66 19 90
SIR 195 72.63318601708028 66 18 91
SIR 196 72.76285241189872 65 19 91
SIR 197 73.23125150793511 65 18 92
SIR 198 73.24930677324939 64 19 92
SIR 199 74.44600664428616 64 18 93
SIR 200 74.66787808516044 64 17 94
SIR 201 74.86096169114263 63 18 94
SIR 202 76.29680259463528 63 17 95
SIR 203 76.41714664155487 62 18 95
SIR 204 77.39497278619959 61 19 95
SIR 205 77.43109097098692 61 18 96
SIR 206 78.08327474678875 61 17 97
SIR 207 79.68176628052295 61 16 98
SIR 208 80.54683883574852 61 15 99
SIR 209 81.60087078710288 60 16 99
SIR 210 82.17444591115144 59 17 99
SIR 211 82.31102857928344 59 16 100
SIR 212 82.3144566637972 59 15 101
SIR 213 82.8556779642838 59 14 102
SIR 214 82.97165931002698 58 15 102
SIR 215 83.3670206388597 57 16 102
SIR 216 84.08686531476214 57 15 103
SIR 217 84.77172812744725 57 14 104
SIR 218 84.8095275741724 57 13 105
SIR 219 84.98949050280709 57 12 106
SIR 220 86.08931918666045 57 11 107
SIR 221 86.9440268396756 57 10 108
SIR 222 87.14954834706059 56 11 108
SIR 223 88.45186959982202 56 10 109
SIR 224 89.38462063882682 56 9 110
SIR 225 89.59571293944701 56 8 111
SIR 226 90.12749138945448 56 7 112
SIR 227 91.5467624352791 56 6 113
SIR 228 91.58345253748521 55 7 113
SIR 229 94.27344879020038 55 6 114
SIR 230 94.3713134700409 55 5 115
SIR 231 96.31567213168364 54 6 115
SIR 232 96.5634744684168 53 7 115
SIR 233 96.68120864553534 53 6 116
SIR 234 97.28385496526549 52 7 116
SIR 235 98.05607308544899 52 6 117
SIR 236 100.81228013103883 52 5 118
SIR 237 101.36396063642731 51 6 118
SIR 238 103.13880442603644 51 5 119
SIR 239 103.43017545947644 51 4 120
SIR 240 105.75843096638856 51 3 121
SIR 241 106.31545845260361 51 2 122
SIR 242 108.19949223187787 50 3 122
SIR 243 108.30339739160165 50 2 123
SIR 244 110.67965972429488 50 1 124
SIR 245 124.81388532128774 50 0 125
