action step time popS popI popR
- 0 0.0 170 5 0
SIR 1 1.022294990901155 169 6 0
SIR 2 1.4045893840335346 169 5 1
SIR 3 1.6725135309076524 168 6 1
SIR 4 3.311035852456644 168 5 2
SIR 5 4.639016498440142 167 6 2
SIR 6 5.291553875487601 166 7 2
SIR 7 5.4488464543436095 165 8 2
SIR 8 5.65159931766305 164 9 2
SIR 9 5.945254056443661 163 10 2
SIR 10 6.416762099857218 162 11 2
SIR 11 6.644998800752178 161 12 2
SIR 12 6.8427804935325645 160 13 2
SIR 13 6.876865372654857 159 14 2
SIR 14 7.0930887191500895 158 15 2
SIR 15 7.1903232369436525 157 16 2
SIR 16 7.215055723204647 156 17 2
SIR 17 7.4913296512973275 156 16 3
SIR 18 8.17223288976089 156 15 4
SIR 19 8.293711203036581 156 14 5
SIR 20 9.108311333562774 155 15 5
SIR 21 9.445849186570156 155 14 6
SIR 22 9.490074378150894 155 13 7
SIR 23 9.863593252486874 154 14 7
SIR 24 10.261603563882302 153 15 7
SIR 25 10.471018796531535 152 16 7
SIR 26 11.021764149080827 152 15 8
SIR 27 11.568578859002153 151 16 8
SIR 28 11.804099092271231 150 17 8
SIR 29 11.892017755226615 149 18 8
SIR 30 12.104034132794306 149 17 9
SIR 31 12.9006356078887 148 18 9
SIR 32 12.913528083136882 148 17 10
SIR 33 12.983877306878112 147 18 10
SIR 34 13.132666756212066 146 19 10
SIR 35 13.158917809080592 145 20 10
SIR 36 13.762595714285835 145 19 11
SIR 37 13.96994538183568 144 20 11
SIR 38 14.04368478092351 143 21 11
SIR 39 14.094220762960934 143 20 12
SIR 40 14.427294036928322 142 21 12
SIR 41 14.504958080306428 141 22 12
SIR 42 14.835202035290816 140 23 12
SIR 43 14.881524853238654 139 24 12
SIR 44 14.993191875885548 138 25 12
SIR 45 15.004449707570906 137 26 12
SIR 46 15.028779580463002 136 27 12
SIR 47 15.063388125777736 135 28 12
SIR 48 15.29044146176444 134 29 12
SIR 49 15.648745702753128 133 30 12
SIR 50 15.736351235020498 133 29 13
SIR 51 15.75725781491066 133 28 14
SIR 52 15.900840752228113 132 29 14
SIR 53 15.977046278107457 131 30 14
SIR 54 16.064830718876674 131 29 15
SIR 55 16.368356543919166 130 30 15
SIR 56 16.56354738693013 129 31 15
SIR 57 16.744086128019546 128 32 15
SIR 58 16.90332832237465 128 31 16
SIR 59 16.91659813075345 127 32 16
SIR 60 17.110274096996807 126 33 16
SIR 61 17.174581224823363 125 34 16
SIR 62 17.332792507044584 124 35 16
SIR 63 17.395315572723092 124 34 17
SIR 64 17.426276171823478 123 35 17
SIR 65 17.519541443802567 122 36 17
SIR 66 17.52508555757081 121 37 17
SIR 67 17.70825725085846 121 36 18
SIR 68 17.716677983904848 121 35 19
SIR 69 17.811868244414406 121 34 20
SIR 70 17.871303614791273 121 33 21
SIR 71 17.883389463459338 120 34 21
SIR 72 17.90241156279319 120 33 22
SIR 73 18.07574269904079 119 34 22
SIR 74 18.179252069487617 118 35 22
SIR 75 18.311200391470972 118 34 23
SIR 76 18.453935104778587 118 33 24
SIR 77 18.464718579711626 117 34 24
SIR 78 18.575907921857144 117 33 25
SIR 79 18.58147547037855 116 34 25
SIR 80 18.714534939381725 116 33 26
SIR 81 18.759582303079732 115 34 26
SIR 82 18.79664044970822 114 35 26
SIR 83 18.83897232415074 114 34 27
SIR 84 19.005533671972504 113 35 27
SIR 85 19.590864182626678 112 36 27
SIR 86 19.64111546629064 112 35 28
SIR 87 19.722493705897357 112 34 29
SIR 88 19.750701182074973 111 35 29
SIR 89 19.78183165908709 110 36 29
SIR 90 19.855520451020304 109 37 29
SIR 91 20.467958532041045 109 36 30
SIR 92 20.62916909935675 108 37 30
SIR 93 20.949884681326054 107 38 30
SIR 94 20.955824825671503 107 37 31
SIR 95 21.19862264532262 107 36 32
SIR 96 21.31112894380468 106 37 32
SIR 97 21.327041955098675 106 36 33
SIR 98 21.535453454510407 105 37 33
SIR 99 22.006041273658926 105 36 34
SIR 100 22.05597627320813 105 35 35
SIR 101 22.057419042081126 104 36 35
SIR 102 22.113528274043063 104 35 36
SIR 103 22.12916907579496 104 34 37
SIR 104 22.142048002689688 104 33 38
SIR 105 22.16726120544127 104 32 39
SIR 106 22.31229096963416 104 31 40
SIR 107 22.356163645307674 104 30 41
SIR 108 22.39246531862214 104 29 42
SIR 109 22.47399511038588 103 30 42
SIR 110 22.50309448488467 102 31 42
SIR 111 22.836994869459954 101 32 42
SIR 112 22.9886584245532 100 33 42
SIR 113 23.014920947707836 99 34 42
SIR 114 23.32461284053054 98 35 42
SIR 115 23.486227578599674 98 34 43
SIR 116 23.58146552164375 98 33 44
SIR 117 23.63643140120276 98 32 45
SIR 118 23.654872779634612 98 31 46
SIR 119 23.764370651676494 97 32 46
SIR 120 24.11526795172438 97 31 47
SIR 121 24.370178909231015 97 30 48
SIR 122 24.432373124686652 97 29 49
SIR 123 24.61132655220243 96 30 49
SIR 124 24.712433423299988 96 29 50
SIR 125 24.836620771412726 96 28 51
SIR 126 25.05869149299767 96 27 52
SIR 127 25.28239790776079 96 26 53
SIR 128 25.48437441986979 96 25 54
SIR 129 25.495080289776805 96 24 55
SIR 130 25.573374129888936 96 23 56
SIR 131 25.574538838012227 96 22 57
SIR 132 25.857990620718503 96 21 58
SIR 133 26.033750624823682 95 22 58
SIR 134 26.07704758775765 94 23 58
SIR 135 26.16937454560062 93 24 58
SIR 136 26.55376360931193 93 23 59
SIR 137 26.574926145004405 92 24 59
SIR 138 26.854616795886663 91 25 59
SIR 139 27.051981628638494 90 26 59
SIR 140 27.39762859181519 90 25 60
SIR 141 27.814136163112035 90 24 61
SIR 142 28.105764438190207 90 23 62
SIR 143 28.387452422248934 89 24 62
SIR 144 28.391173668962118 89 23 63
SIR 145 28.615241578592077 89 22 64
SIR 146 29.515002080957903 89 21 65
SIR 147 29.541935177289186 89 20 66
SIR 148 29.815505753505732 89 19 67
SIR 149 29.846627569316485 89 18 68
SIR 150 29.863876286764093 89 17 69
SIR 151 30.858777662269585 89 16 70
SIR 152 31.08721159856311 88 17 70
SIR 153 31.398437882400188 87 18 70
SIR 154 31.475049832863554 87 17 71
SIR 155 31.586513027107223 87 16 72
SIR 156 31.895870371284545 86 17 72
SIR 157 31.962204305680487 86 16 73
SIR 158 32.09358066462085 85 17 73
SIR 159 32.304793886555174 85 16 74
SIR 160 32.537552663056836 85 15 75
SIR 161 32.66272708373333 84 16 75
SIR 162 33.03785294129271 84 15 76
SIR 163 33.09529729855154 84 14 77
SIR 164 33.14783996420255 84 13 78
SIR 165 33.44487991673542 84 12 79
SIR 166 34.63823046559433 83 13 79
SIR 167 35.352537718664834 83 12 80
SIR 168 35.53600446086995 83 11 81
SIR 169 35.5802063213821 82 12 81
SIR 170 35.60104846077688 81 13 81
SIR 171 36.533063292462984 80 14 81
SIR 172 36.68199563417189 80 13 82
SIR 173 37.15197716498195 79 14 82
SIR 174 37.68968724481745 78 15 82
SIR 175 37.71587015660253 77 16 82
SIR 176 37.80437385736818 77 15 83
SIR 177 38.640233700859966 77 14 84
SIR 178 39.15897935474681 76 15 84
SIR 179 39.31906772115578 76 14 85
SIR 180 39.95406215190252 75 15 85
SIR 181 40.14597878744615 75 14 86
SIR 182 40.36596215055219 74 15 86
SIR 183 40.41329091026243 74 14 87
SIR 184 40.77073926818148 73 15 87
SIR 185 40.84869022254314 73 14 88
SIR 186 41.012373519130136 72 15 88
SIR 187 41.25997714520307 72 14 89
SIR 188 41.34396772490511 72 13 90
SIR 189 41.45615468970298 72 12 91
SIR 190 41.551389002168214 71 13 91
SIR 191 42.1828507920888 70 14 91
SIR 192 42.352866264734445 70 13 92
SIR 193 42.35406733953715 69 14 92
SIR 194 42.81334152988563 69 13 93
SIR 195 42.8983601667931 69 12 94
SIR 196 43.439124713860195 69 11 95
SIR 197 43.81655132757632 69 10 96
SIR 198 44.76793925912569 68 11 96
SIR 199 45.5981583894684 67 12 96
SIR 200 46.27770453162741 67 11 97
SIR 201 46.57412933970831 67 10 98
SIR 202 46.94525773513812 66 11 98
SIR 203 46.94714567061315 65 12 98
SIR 204 47.71527007338865 64 13 98
SIR 205 47.965570580207945 64 12 99
SIR 206 48.11517767629269 64 11 100
SIR 207 48.774136499836956 63 12 100
SIR 208 48.95847506859925 63 11 101
SIR 209 49.70013501344325 63 10 102
SIR 210 50.05962166417561 63 9 103
SIR 211 50.06846053502423 62 10 103
SIR 212 50.62224813932758 62 9 104
SIR 213 50.74978821045962 62 8 105
SIR 214 51.7762046794432 61 9 105
SIR 215 52.909697047957586 61 8 106
SIR 216 54.1795576486502 61 7 107
SIR 217 56.22048455572962 60 8 107
SIR 218 56.67997045598007 60 7 108
SIR 219 56.77481444932315 60 6 109
SIR 220 57.29309677078824 60 5 110
SIR 221 60.5484271652255 60 4 111
SIR 222 60.82503641702436 60 3 112
SIR 223 61.15224759122406 60 2 113
SIR 224 63.270785577138334 59 3 113
SIR 225 65.4886302173416 59 2 114
SIR 226 70.89179920781118 59 1 115
SIR 227 73.83917355848477 59 0 116
