action step time popS popI popR
- 0 0.0 120 5 0
SIR 1 0.6109755420662684 119 6 0
SIR 2 0.6132327134445147 118 7 0
SIR 3 0.6717670421198315 118 6 1
SIR 4 2.8052142273021774 117 7 1
SIR 5 4.330159070228617 117 6 2
SIR 6 5.375436833217941 116 7 2
SIR 7 5.847934438900521 116 6 3
SIR 8 6.5363642093096885 115 7 3
SIR 9 8.25055100674784 115 6 4
SIR 10 8.700871278295343 114 7 4
SIR 11 8.74923044482259 113 8 4
SIR 12 9.948000574090718 113 7 5
SIR 13 10.15686539756395 112 8 5
SIR 14 10.480194705158784 111 9 5
SIR 15 11.01905625372131 111 8 6
SIR 16 11.874581299362791 110 9 6
SIR 17 12.37775966342355 110 8 7
SIR 18 13.117050531383093 110 7 8
SIR 19 13.474195496174552 110 6 9
SIR 20 13.844480912128153 110 5 10
SIR 21 14.733161827439309 109 6 10
SIR 22 15.712473543005512 108 7 10
SIR 23 17.191331130374913 107 8 10
SIR 24 17.491088432614376 106 9 10
SIR 25 17.785788675897994 106 8 11
SIR 26 18.06153266202578 106 7 12
SIR 27 18.59925950926 105 8 12
SIR 28 18.628897655530533 104 9 12
SIR 29 18.81130630663624 104 8 13
SIR 30 19.752726760981055 104 7 14
SIR 31 20.87976763570752 104 6 15
SIR 32 21.689222243738786 103 7 15
SIR 33 22.02539178965162 103 6 16
SIR 34 22.28406294967992 102 7 16
SIR 35 22.517519475905132 101 8 16
SIR 36 23.13398568701643 100 9 16
SIR 37 23.21199816955853 99 10 16
SIR 38 23.471597710592977 98 11 16
SIR 39 24.393936235904388 97 12 16
SIR 40 24.556023043812473 96 13 16
SIR 41 26.312839618173783 96 12 17
SIR 42 26.91904972373417 95 13 17
SIR 43 26.92323080704452 94 14 17
SIR 44 29.186358038603455 94 13 18
SIR 45 29.80786510405863 93 14 18
SIR 46 30.715809700768453 92 15 18
SIR 47 31.51840573018463 92 14 19
SIR 48 31.628449825337064 91 15 19
SIR 49 31.88613548402759 90 16 19
SIR 50 32.36233330458701 90 15 20
SIR 51 32.6249461725973 90 14 21
SIR 52 32.77236274565843 89 15 21
SIR 53 32.86989569244368 89 14 22
SIR 54 33.06227860515536 89 13 23
SIR 55 33.640312645214856 88 14 23
SIR 56 34.522347443612816 88 13 24
SIR 57 34.950746312849894 88 12 25
SIR 58 35.197788929734244 87 13 25
SIR 59 35.41535279631064 86 14 25
SIR 60 35.41861752237957 85 15 25
SIR 61 35.517831804667296 85 14 26
SIR 62 35.66795975119855 85 13 27
SIR 63 36.08439523940339 85 12 28
SIR 64 36.782826736668746 85 11 29
SIR 65 36.96919954282941 85 10 30
SIR 66 37.00201276701402 84 11 30
SIR 67 37.02066863338037 83 12 30
SIR 68 37.09458804040912 83 11 31
SIR 69 37.17919235296124 82 12 31
SIR 70 37.22696413026376 81 13 31
SIR 71 37.72778688022582 81 12 32
SIR 72 38.90902410109374 80 13 32
SIR 73 39.5477909860217 79 14 32
SIR 74 39.83940046653874 79 13 33
SIR 75 40.08026025759374 78 14 33
SIR 76 40.17120101872017 77 15 33
SIR 77 40.405666804377844 76 16 33
SIR 78 40.59233290372854 75 17 33
SIR 79 40.71801501788003 75 16 34
SIR 80 41.0514684357584 74 17 34
SIR 81 41.83788512693481 74 16 35
SIR 82 42.05835780460519 73 17 35
SIR 83 42.41853778356835 72 18 35
SIR 84 42.684053186349644 71 19 35
SIR 85 43.224702161601 71 18 36
SIR 86 43.25790168405821 70 19 36
SIR 87 44.157649250304004 69 20 36
SIR 88 45.44911361956338 69 19 37
SIR 89 45.5436971420277 69 18 38
SIR 90 46.51529075257024 68 19 38
SIR 91 47.55008231923352 68 18 39
SIR 92 47.83999582296562 67 19 39
SIR 93 48.23773880659393 67 18 40
SIR 94 48.83177590390532 67 17 41
SIR 95 48.93467185659605 67 16 42
SIR 96 49.093055030063304 66 17 42
SIR 97 49.97101137343208 66 16 43
SIR 98 50.1477777990459 66 15 44
SIR 99 51.11997478845694 66 14 45
SIR 100 52.606303408741574 66 13 46
SIR 101 52.75964311509804 66 12 47
SIR 102 53.321189061838155 65 13 47
SIR 103 53.35552356677572 65 12 48
SIR 104 53.53823199232084 65 11 49
SIR 105 53.63655366987228 65 10 50
SIR 106 54.08488246001393 64 11 50
SIR 107 54.09334653803403 64 10 51
SIR 108 54.95358152491236 63 11 51
SIR 109 55.29646578747622 62 12 51
SIR 110 55.454793950805794 61 13 51
SIR 111 55.595986196228836 60 14 51
SIR 112 55.98362200089063 60 13 52
SIR 113 56.386137035299825 60 12 53
SIR 114 56.448697383095535 60 11 54
SIR 115 56.485740885941034 60 10 55
SIR 116 57.493149943688614 59 11 55
SIR 117 58.96955672695333 58 12 55
SIR 118 58.986890621938365 57 13 55
SIR 119 59.441109622423824 57 12 56
SIR 120 59.64530934088223 57 11 57
SIR 121 60.29875493692114 57 10 58
SIR 122 61.292597599991765 57 9 59
SIR 123 62.99568821339336 57 8 60
SIR 124 63.705755382369894 57 7 61
SIR 125 63.830426956969895 57 6 62
SIR 126 65.10669695247819 56 7 62
SIR 127 66.0327586023634 56 6 63
SIR 128 71.48119205036829 56 5 64
SIR 129 74.44603005290861 56 4 65
SIR 130 75.86802251610686 56 3 66
SIR 131 78.63134458012787 55 4 66
SIR 132 79.25122906767064 54 5 66
SIR 133 81.1215784600557 53 6 66
SIR 134 81.23689994949065 53 5 67
SIR 135 81.62147056087416 52 6 67
SIR 136 82.4344507554517 52 5 68
SIR 137 84.1512446325826 52 4 69
SIR 138 90.16374715631989 52 3 70
SIR 139 92.22928246272105 51 4 70
SIR 140 97.36015146527338 51 3 71
SIR 141 100.65777317179787 50 4 71
SIR 142 102.18261245901483 50 3 72
SIR 143 102.96578702631932 49 4 72
SIR 144 105.21239971452563 49 3 73
SIR 145 106.12543061341624 49 2 74
SIR 146 107.21073421003128 48 3 74
SIR 147 109.40008902191593 47 4 74
SIR 148 110.25303026973106 47 3 75
SIR 149 111.62475424289367 46 4 75
SIR 150 116.41905651128738 45 5 75
SIR 151 116.97332670061728 44 6 75
SIR 152 117.68628077737198 44 5 76
SIR 153 122.74162618897984 44 4 77
