action step time popS popI popR
- 0 0.0 195 5 0
SIR 1 1.544705776576931 194 6 0
SIR 2 1.5676973237622092 193 7 0
SIR 3 1.9366683164555265 192 8 0
SIR 4 3.197121730619258 191 9 0
SIR 5 3.2604327773877646 190 10 0
SIR 6 3.411228117831841 189 11 0
SIR 7 3.484761527049807 189 10 1
SIR 8 3.5081941273445247 189 9 2
SIR 9 3.5258607319339377 189 8 3
SIR 10 3.67851530477944 188 9 3
SIR 11 4.5315654419322655 187 10 3
SIR 12 4.5609115352442835 186 11 3
SIR 13 5.114880332587468 185 12 3
SIR 14 5.228386062499352 185 11 4
SIR 15 5.740967450698457 184 12 4
SIR 16 5.943608675213728 184 11 5
SIR 17 5.960506854076234 184 10 6
SIR 18 6.003855106493852 183 11 6
SIR 19 6.204123292555179 182 12 6
SIR 20 6.219644564772393 181 13 6
SIR 21 6.809079019821769 180 14 6
SIR 22 6.859177108835166 180 13 7
SIR 23 7.056179640184672 180 12 8
SIR 24 7.25576254062776 179 13 8
SIR 25 7.3814400598030865 178 14 8
SIR 26 7.96190768125574 177 15 8
SIR 27 8.273625733960069 176 16 8
SIR 28 8.4292711051347 176 15 9
SIR 29 8.968535885511233 175 16 9
SIR 30 9.02360597447945 174 17 9
SIR 31 9.0512662171785 174 16 10
SIR 32 9.203053616334303 173 17 10
SIR 33 9.491481581336334 173 16 11
SIR 34 11.180191770114028 172 17 11
SIR 35 11.268075686460493 172 16 12
SIR 36 11.327224006708132 172 15 13
SIR 37 11.396687258076133 172 14 14
SIR 38 11.466713329336965 171 15 14
SIR 39 11.664688017758538 171 14 15
SIR 40 11.781921610081026 170 15 15
SIR 41 11.78743888276214 170 14 16
SIR 42 12.313126166592465 169 15 16
SIR 43 12.939348343757391 168 16 16
SIR 44 13.231214144615453 168 15 17
SIR 45 13.235286904275187 168 14 18
SIR 46 13.355859216191046 167 15 18
SIR 47 14.325162947887588 166 16 18
SIR 48 14.401375349143347 165 17 18
SIR 49 14.771526760550799 164 18 18
SIR 50 15.363091404898102 164 17 19
SIR 51 15.58227578542302 163 18 19
SIR 52 15.81326849437253 162 19 19
SIR 53 16.187171128022484 161 20 19
SIR 54 16.245613343197995 161 19 20
SIR 55 16.559922857391722 160 20 20
SIR 56 16.563446708084495 160 19 21
SIR 57 16.563871747826102 159 20 21
SIR 58 16.792730270687326 158 21 21
SIR 59 16.997229934183007 157 22 21
SIR 60 17.132024527215968 157 21 22
SIR 61 17.167838969284308 157 20 23
SIR 62 17.788049624368558 157 19 24
SIR 63 18.26291989895695 156 20 24
SIR 64 18.289295423536643 156 19 25
SIR 65 18.358931960693624 155 20 25
SIR 66 18.485114925238115 154 21 25
SIR 67 18.62378268727689 153 22 25
SIR 68 18.83395623135217 152 23 25
SIR 69 19.035382763793724 152 22 26
SIR 70 19.11317619804417 151 23 26
SIR 71 19.644738954275283 150 24 26
SIR 72 20.00604323207116 149 25 26
SIR 73 20.171910660943706 148 26 26
SIR 74 20.19000448112964 147 27 26
SIR 75 20.19562296702804 146 28 26
SIR 76 20.23269445457367 145 29 26
SIR 77 20.25284455521337 145 28 27
SIR 78 20.4518032003663 144 29 27
SIR 79 20.62043093045214 143 30 27
SIR 80 20.977494773364132 142 31 27
SIR 81 21.159834659084733 141 32 27
SIR 82 21.193473907008862 140 33 27
SIR 83 21.494121277294827 139 34 27
SIR 84 21.634171828162422 138 35 27
SIR 85 21.64029115689983 138 34 28
SIR 86 21.755710377926384 137 35 28
SIR 87 21.980380721690835 136 36 28
SIR 88 22.035666778298836 135 37 28
SIR 89 22.099404399461 134 38 28
SIR 90 22.30146946133842 133 39 28
SIR 91 22.321380472448567 132 40 28
SIR 92 22.408093757986816 131 41 28
SIR 93 22.489018663809375 130 42 28
SIR 94 22.571318995923697 130 41 29
SIR 95 22.911707505008806 130 40 30
SIR 96 22.9583466983486 130 39 31
SIR 97 22.994912761975755 129 40 31
SIR 98 22.997502659756144 129 39 32
SIR 99 23.06775824585356 129 38 33
SIR 100 23.15570372494492 128 39 33
SIR 101 23.375212977126196 128 38 34
SIR 102 23.431421345682867 127 39 34
SIR 103 23.54597540666201 127 38 35
SIR 104 23.633662017482354 126 39 35
SIR 105 23.659141414085553 126 38 36
SIR 106 23.777599272450246 126 37 37
SIR 107 23.800504494924795 125 38 37
SIR 108 23.876120652207284 124 39 37
SIR 109 24.092049918166172 124 38 38
SIR 110 24.133859724956015 124 37 39
SIR 111 24.428629115556127 123 38 39
SIR 112 24.5325786492745 123 37 40
SIR 113 24.691871589525356 122 38 40
SIR 114 24.79406539269297 121 39 40
SIR 115 24.799947153007874 120 40 40
SIR 116 24.826371553539634 120 39 41
SIR 117 24.97017669022592 120 38 42
SIR 118 25.06188547977541 120 37 43
SIR 119 25.09192884077986 120 36 44
SIR 120 25.262594683564608 120 35 45
SIR 121 25.67927308484424 119 36 45
SIR 122 25.75404134546393 119 35 46
SIR 123 25.936331484313776 118 36 46
SIR 124 26.146159365382818 117 37 46
SIR 125 26.15135675786311 116 38 46
SIR 126 26.21238456556032 116 37 47
SIR 127 26.302529680379156 115 38 47
SIR 128 26.473454379718557 114 39 47
SIR 129 26.489972420086605 113 40 47
SIR 130 26.58042686519501 112 41 47
SIR 131 26.800076247911434 111 42 47
SIR 132 26.81418690262176 110 43 47
SIR 133 26.938970846957268 110 42 48
SIR 134 26.98105444192257 110 41 49
SIR 135 27.052128727182073 109 42 49
SIR 136 27.069137537020996 108 43 49
SIR 137 27.452326421664157 108 42 50
SIR 138 27.514131895784736 107 43 50
SIR 139 27.60563680594881 106 44 50
SIR 140 27.626954624471324 106 43 51
SIR 141 27.764862894884555 106 42 52
SIR 142 27.878228147391592 105 43 52
SIR 143 28.10597519287661 105 42 53
SIR 144 28.160400439335216 105 41 54
SIR 145 28.20944672365995 105 40 55
SIR 146 28.864187610425088 105 39 56
SIR 147 29.11923164547586 104 40 56
SIR 148 29.150714131826756 104 39 57
SIR 149 29.291465355720195 103 40 57
SIR 150 29.319034371649348 103 39 58
SIR 151 29.352088119635628 103 38 59
SIR 152 29.47003284284213 102 39 59
SIR 153 30.11808939227435 101 40 59
SIR 154 30.15666831802312 100 41 59
SIR 155 30.276743225654094 99 42 59
SIR 156 30.33702650821618 98 43 59
SIR 157 30.572639165111244 98 42 60
SIR 158 30.59459501485247 97 43 60
SIR 159 30.679492238171107 97 42 61
SIR 160 30.821041698489687 97 41 62
SIR 161 30.973658126484928 97 40 63
SIR 162 31.36924977642121 97 39 64
SIR 163 31.410959902946665 97 38 65
SIR 164 31.416419971779096 96 39 65
SIR 165 31.472520982413187 95 40 65
SIR 166 31.500844968723154 95 39 66
SIR 167 31.53942528315493 94 40 66
SIR 168 31.569295346817675 93 41 66
SIR 169 31.858750375893294 92 42 66
SIR 170 32.14163986725243 92 41 67
SIR 171 32.27965155441587 92 40 68
SIR 172 32.36370342996943 91 41 68
SIR 173 32.50560982097808 90 42 68
SIR 174 32.812363561412916 90 41 69
SIR 175 32.965472592669705 89 42 69
SIR 176 32.984239936342725 89 41 70
SIR 177 33.12675369474031 88 42 70
SIR 178 33.29590880633923 87 43 70
SIR 179 33.55316143905267 86 44 70
SIR 180 33.57772146903245 86 43 71
SIR 181 33.74429338067947 86 42 72
SIR 182 33.756205493917776 86 41 73
SIR 183 33.78787435072303 86 40 74
SIR 184 33.909334894641646 85 41 74
SIR 185 33.98190720284297 85 40 75
SIR 186 34.14015885146925 85 39 76
SIR 187 34.478340195014255 85 38 77
SIR 188 34.56955038604399 85 37 78
SIR 189 34.69386741677176 84 38 78
SIR 190 35.00556694404573 84 37 79
SIR 191 35.03344217343606 84 36 80
SIR 192 35.20688571538446 83 37 80
SIR 193 35.27577903628743 82 38 80
SIR 194 35.310708949196524 81 39 80
SIR 195 35.67627726655407 81 38 81
SIR 196 35.82736800361703 80 39 81
SIR 197 36.037231067457455 79 40 81
SIR 198 36.041578313061116 78 41 81
SIR 199 36.05221962125578 78 40 82
SIR 200 36.07273044251261 78 39 83
SIR 201 36.254997405092745 78 38 84
SIR 202 37.01387312263604 78 37 85
SIR 203 37.32016656972081 78 36 86
SIR 204 37.541077787946676 77 37 86
SIR 205 37.58063716796397 77 36 87
SIR 206 37.738163626870346 76 37 87
SIR 207 37.79397493826037 76 36 88
SIR 208 37.97499478272208 76 35 89
SIR 209 38.10724344051495 76 34 90
SIR 210 38.218722762427646 75 35 90
SIR 211 38.350482733799865 75 34 91
SIR 212 38.393472283309904 75 33 92
SIR 213 38.56351557188409 75 32 93
SIR 214 39.03630272643322 74 33 93
SIR 215 39.316965679241115 73 34 93
SIR 216 39.40289208730002 73 33 94
SIR 217 39.55307119633194 73 32 95
SIR 218 40.33528378417445 73 31 96
SIR 219 40.784372834518216 73 30 97
SIR 220 40.78502022971551 73 29 98
SIR 221 40.82197244127929 73 28 99
SIR 222 40.82612279691474 72 29 99
SIR 223 40.905045675919396 72 28 100
SIR 224 40.96309669870202 72 27 101
SIR 225 41.07904697249127 72 26 102
SIR 226 41.11376949419542 72 25 103
SIR 227 41.30714707064141 71 26 103
SIR 228 41.41564542902849 70 27 103
SIR 229 41.77715754650112 70 26 104
SIR 230 42.187374921038106 69 27 104
SIR 231 42.27239335368783 68 28 104
SIR 232 42.447224608402564 67 29 104
SIR 233 42.72399059117425 66 30 104
SIR 234 42.72602074238312 65 31 104
SIR 235 42.81903293337987 65 30 105
SIR 236 42.93038258540686 65 29 106
SIR 237 43.11674589100437 64 30 106
SIR 238 43.13765229938645 64 29 107
SIR 239 43.36650294326866 64 28 108
SIR 240 43.403149685927865 64 27 109
SIR 241 43.90736773658348 63 28 109
SIR 242 44.073806227887985 62 29 109
SIR 243 44.350963919859325 61 30 109
SIR 244 44.35225481636556 61 29 110
SIR 245 44.43679501540425 60 30 110
SIR 246 44.60831135532324 59 31 110
SIR 247 44.68071006155565 59 30 111
SIR 248 44.768286556573756 58 31 111
SIR 249 44.7979494270216 58 30 112
SIR 250 44.94468702670774 58 29 113
SIR 251 45.87188528844889 58 28 114
SIR 252 46.572934450352854 58 27 115
SIR 253 47.06771585724355 58 26 116
SIR 254 47.15010406868947 57 27 116
SIR 255 47.47428950116571 57 26 117
SIR 256 47.4834181406149 57 25 118
SIR 257 47.760128479794325 57 24 119
SIR 258 47.886909545579044 57 23 120
SIR 259 48.32503408251746 57 22 121
SIR 260 48.71892129829234 57 21 122
SIR 261 48.84727848427335 57 20 123
SIR 262 48.868851324070825 56 21 123
SIR 263 48.89173002007687 56 20 124
SIR 264 49.27780810078148 56 19 125
SIR 265 49.47782375269518 56 18 126
SIR 266 49.72228916867235 56 17 127
SIR 267 49.81078073044546 56 16 128
SIR 268 50.37709957391215 55 17 128
SIR 269 50.73319002070904 55 16 129
SIR 270 51.01668475614468 55 15 130
SIR 271 51.29826158795876 55 14 131
SIR 272 52.15404649729865 55 13 132
SIR 273 52.19712202502648 55 12 133
SIR 274 52.687917668830494 54 13 133
SIR 275 54.12252547677904 54 12 134
SIR 276 54.92779139327381 53 13 134
SIR 277 56.23061154794313 53 12 135
SIR 278 57.52563860941404 53 11 136
SIR 279 57.58231213571039 53 10 137
SIR 280 58.245941645879626 53 9 138
SIR 281 58.29547020919571 53 8 139
SIR 282 58.88817531168954 52 9 139
SIR 283 60.07668307134624 52 8 140
SIR 284 60.54867736311383 52 7 141
SIR 285 60.77207101430791 52 6 142
SIR 286 61.17126142617881 52 5 143
SIR 287 63.764547000987804 51 6 143
SIR 288 64.76445442845592 51 5 144
SIR 289 65.08710496273002 51 4 145
SIR 290 65.71810199087786 51 3 146
SIR 291 69.18765702312118 51 2 147
SIR 292 71.47702729119828 50 3 147
SIR 293 73.08783968796122 50 2 148
SIR 294 77.91986224795319 50 1 149
SIR 295 80.13361045641751 49 2 149
SIR 296 80.95988214802762 48 3 149
SIR 297 84.04016136174664 48 2 150
SIR 298 86.23498668030479 48 1 151
SIR 299 86.55002007946723 48 0 152
