action step time popS popI popR
- 0 0.0 170 5 0
SIR 1 8.287845310315056E-4 169 6 0
SIR 2 0.43226392188540746 168 7 0
SIR 3 2.1234282507082676 168 6 1
SIR 4 2.548628570702208 168 5 2
SIR 5 4.927976625137842 167 6 2
SIR 6 5.123236186783409 166 7 2
SIR 7 5.659736534428566 166 6 3
SIR 8 8.560104700214556 166 5 4
SIR 9 8.88458375466847 165 6 4
SIR 10 9.23946213035557 164 7 4
SIR 11 9.435254396717685 164 6 5
SIR 12 9.50653206380602 164 5 6
SIR 13 10.898395094224512 164 4 7
SIR 14 11.192764181373944 164 3 8
SIR 15 11.886258109113415 163 4 8
SIR 16 12.441466353124122 162 5 8
SIR 17 12.475893253980658 162 4 9
SIR 18 12.592348638060809 161 5 9
SIR 19 14.38175867805272 160 6 9
SIR 20 14.396712604619793 159 7 9
SIR 21 14.434738162412764 158 8 9
SIR 22 15.372525536579273 157 9 9
SIR 23 15.439644236003362 156 10 9
SIR 24 15.825402594142046 155 11 9
SIR 25 15.952283282375635 154 12 9
SIR 26 15.95679209898774 154 11 10
SIR 27 16.54559319044759 154 10 11
SIR 28 17.02200222153949 153 11 11
SIR 29 17.572217505117823 153 10 12
SIR 30 17.787120425509308 153 9 13
SIR 31 17.84321520765142 152 10 13
SIR 32 17.93965074755645 151 11 13
SIR 33 17.949735328201303 151 10 14
SIR 34 18.363973134618515 150 11 14
SIR 35 18.973899311688186 149 12 14
SIR 36 19.029678634501224 148 13 14
SIR 37 19.14922231054668 148 12 15
SIR 38 19.41799628195806 147 13 15
SIR 39 19.581709049007888 146 14 15
SIR 40 19.921360923505677 146 13 16
SIR 41 20.639858833378916 145 14 16
SIR 42 20.73964352927522 144 15 16
SIR 43 20.8192193435166 143 16 16
SIR 44 20.94608297563632 143 15 17
SIR 45 21.07637648377253 143 14 18
SIR 46 21.523427824850735 142 15 18
SIR 47 22.744773091721292 141 16 18
SIR 48 22.78451884045175 140 17 18
SIR 49 22.85881697200018 140 16 19
SIR 50 22.970727343807567 139 17 19
SIR 51 23.01105680751749 138 18 19
SIR 52 23.019337393284598 138 17 20
SIR 53 23.554807627531932 138 16 21
SIR 54 23.692373201156258 137 17 21
SIR 55 23.889933192114178 136 18 21
SIR 56 24.01204714755424 135 19 21
SIR 57 24.04434437076872 135 18 22
SIR 58 24.346422160739642 135 17 23
SIR 59 24.797917969340492 135 16 24
SIR 60 25.138235030612485 134 17 24
SIR 61 25.297871056401743 134 16 25
SIR 62 25.42115737881165 133 17 25
SIR 63 25.952056788675392 132 18 25
SIR 64 26.102054311739714 131 19 25
SIR 65 26.150558657161678 130 20 25
SIR 66 26.46823740888558 130 19 26
SIR 67 26.51052779750918 129 20 26
SIR 68 26.619486514581997 129 19 27
SIR 69 26.639864953845137 129 18 28
SIR 70 26.68111524381057 129 17 29
SIR 71 26.787855994738194 128 18 29
SIR 72 27.280634740674383 127 19 29
SIR 73 27.336606832672906 126 20 29
SIR 74 27.343494480575995 125 21 29
SIR 75 27.600347702622138 125 20 30
SIR 76 27.677786850309648 125 19 31
SIR 77 27.775217583968264 124 20 31
SIR 78 28.14414680085455 123 21 31
SIR 79 28.406224654057237 123 20 32
SIR 80 28.665054022415806 123 19 33
SIR 81 29.264681992193662 122 20 33
SIR 82 29.994135016302444 122 19 34
SIR 83 30.031949212165475 121 20 34
SIR 84 30.1255677499327 120 21 34
SIR 85 30.255484076270626 119 22 34
SIR 86 30.51552680085795 118 23 34
SIR 87 30.62354611455583 117 24 34
SIR 88 30.994749082103382 116 25 34
SIR 89 31.52139197747008 115 26 34
SIR 90 31.52699856133846 114 27 34
SIR 91 31.730394361335264 113 28 34
SIR 92 31.839747414846663 112 29 34
SIR 93 32.22964336952528 111 30 34
SIR 94 32.28069088866218 111 29 35
SIR 95 32.467867811988455 110 30 35
SIR 96 32.47819840010119 110 29 36
SIR 97 33.125188987316065 110 28 37
SIR 98 33.1346385947637 110 27 38
SIR 99 33.15556837066582 109 28 38
SIR 100 33.18711509521559 108 29 38
SIR 101 33.26243497173233 107 30 38
SIR 102 33.75047348183435 106 31 38
SIR 103 34.42406237427327 105 32 38
SIR 104 34.528182927010256 104 33 38
SIR 105 34.70092199597942 103 34 38
SIR 106 34.87772550773999 102 35 38
SIR 107 35.39205405911893 102 34 39
SIR 108 35.784120536086355 102 33 40
SIR 109 35.94491536382017 102 32 41
SIR 110 36.49920148776954 102 31 42
SIR 111 36.54448494508978 101 32 42
SIR 112 36.79492054293784 100 33 42
SIR 113 36.85707000160112 99 34 42
SIR 114 36.946055454691674 98 35 42
SIR 115 36.954861384399855 98 34 43
SIR 116 37.112092906676466 97 35 43
SIR 117 37.26933339087886 96 36 43
SIR 118 37.31492430146522 96 35 44
SIR 119 37.609536121525615 95 36 44
SIR 120 37.81186689938985 95 35 45
SIR 121 38.04007274970675 95 34 46
SIR 122 38.06133095486331 95 33 47
SIR 123 38.14277410423002 95 32 48
SIR 124 38.19812498651689 94 33 48
SIR 125 38.24140395416646 94 32 49
SIR 126 38.30338983398576 94 31 50
SIR 127 38.47802647350632 93 32 50
SIR 128 38.52782402599126 93 31 51
SIR 129 38.5851472197063 92 32 51
SIR 130 38.68251858157238 91 33 51
SIR 131 39.12717366432165 90 34 51
SIR 132 39.196650091599004 90 33 52
SIR 133 39.22091155419682 89 34 52
SIR 134 39.28602281249985 89 33 53
SIR 135 39.287826876386795 88 34 53
SIR 136 39.565475125879004 87 35 53
SIR 137 39.61811226046231 86 36 53
SIR 138 39.74344196826024 86 35 54
SIR 139 40.060754874187104 86 34 55
SIR 140 40.153255625864325 86 33 56
SIR 141 40.18209343786857 86 32 57
SIR 142 40.19408523735616 86 31 58
SIR 143 40.271360279430645 85 32 58
SIR 144 40.51686637766359 84 33 58
SIR 145 40.558666566020946 83 34 58
SIR 146 40.637402749110066 83 33 59
SIR 147 40.640030977905965 82 34 59
SIR 148 40.66876854075237 82 33 60
SIR 149 40.71149038889035 81 34 60
SIR 150 41.15849017181745 80 35 60
SIR 151 41.159832863774334 80 34 61
SIR 152 41.58579886098928 79 35 61
SIR 153 41.840140694643225 78 36 61
SIR 154 42.152481621879296 78 35 62
SIR 155 42.414899657573635 78 34 63
SIR 156 42.68346777970793 77 35 63
SIR 157 42.83110336479516 77 34 64
SIR 158 42.95080912727225 76 35 64
SIR 159 43.66557360737126 76 34 65
SIR 160 43.692637695253744 76 33 66
SIR 161 43.94441123209345 76 32 67
SIR 162 44.138110385902685 76 31 68
SIR 163 44.415684652783625 76 30 69
SIR 164 44.63827300767353 76 29 70
SIR 165 44.7897434875312 76 28 71
SIR 166 45.04202909449749 76 27 72
SIR 167 45.507990951332694 76 26 73
SIR 168 45.77928027829076 76 25 74
SIR 169 45.80345855243544 76 24 75
SIR 170 45.87308470735918 75 25 75
SIR 171 45.926598904359885 74 26 75
SIR 172 46.423877928886924 74 25 76
SIR 173 46.66675139248839 73 26 76
SIR 174 46.88799659249144 73 25 77
SIR 175 48.060105165022755 73 24 78
SIR 176 48.10530202976295 73 23 79
SIR 177 48.126770235818796 72 24 79
SIR 178 48.309956716513746 72 23 80
SIR 179 48.66701642336823 72 22 81
SIR 180 48.89398192817379 72 21 82
SIR 181 48.98503244048537 72 20 83
SIR 182 49.31228827633491 71 21 83
SIR 183 49.35625936229083 71 20 84
SIR 184 49.371189924689 71 19 85
SIR 185 49.45294057222477 70 20 85
SIR 186 50.363615073946534 70 19 86
SIR 187 50.906527843624716 70 18 87
SIR 188 51.24607593065327 69 19 87
SIR 189 51.396754702334796 69 18 88
SIR 190 51.49633100539467 69 17 89
SIR 191 52.29861114945164 69 16 90
SIR 192 52.31401549835066 68 17 90
SIR 193 52.540118624112566 68 16 91
SIR 194 52.60087244626587 67 17 91
SIR 195 52.81439723055369 67 16 92
SIR 196 53.429210523136256 67 15 93
SIR 197 54.17090239084189 66 16 93
SIR 198 54.52529296124242 66 15 94
SIR 199 55.196982007097326 65 16 94
SIR 200 55.42376939916512 65 15 95
SIR 201 55.70638724774999 65 14 96
SIR 202 55.71581887421318 65 13 97
SIR 203 55.982884129295904 65 12 98
SIR 204 56.6737114539218 65 11 99
SIR 205 56.74629268528472 65 10 100
SIR 206 58.05762214310496 65 9 101
SIR 207 58.9043816864131 65 8 102
SIR 208 60.0955983962925 65 7 103
SIR 209 60.41963947586622 65 6 104
SIR 210 60.82652889947337 65 5 105
SIR 211 61.731139735152745 65 4 106
SIR 212 63.743433394543175 65 3 107
SIR 213 63.79748575521828 64 4 107
SIR 214 64.43181441456721 63 5 107
SIR 215 65.86329180227206 62 6 107
SIR 216 65.88677403686117 61 7 107
SIR 217 67.77824916495761 60 8 107
SIR 218 67.86802280350861 60 7 108
SIR 219 67.87428680617434 59 8 108
SIR 220 68.16957330176903 59 7 109
SIR 221 68.50295031108519 58 8 109
SIR 222 68.53285372393647 57 9 109
SIR 223 70.71310832216612 57 8 110
SIR 224 70.84423786185899 56 9 110
SIR 225 71.38268541859168 56 8 111
SIR 226 75.28393679803712 55 9 111
SIR 227 75.35129826244693 54 10 111
SIR 228 76.00969037462833 54 9 112
SIR 229 76.68119763451153 54 8 113
SIR 230 77.11940038400891 53 9 113
SIR 231 77.39450116946237 52 10 113
SIR 232 77.56350763077445 51 11 113
SIR 233 77.72228224908602 50 12 113
SIR 234 77.78588723360355 50 11 114
SIR 235 77.92826799429653 50 10 115
SIR 236 78.5804779682478 49 11 115
SIR 237 79.0530982216772 48 12 115
SIR 238 79.22460672272429 48 11 116
SIR 239 79.83102109812154 48 10 117
SIR 240 79.86559871203272 48 9 118
SIR 241 79.95128888174736 47 10 118
SIR 242 80.12180643679987 46 11 118
SIR 243 80.76679317387962 46 10 119
SIR 244 84.26504104600586 46 9 120
SIR 245 84.56052220894148 46 8 121
SIR 246 85.20981847916744 46 7 122
SIR 247 85.50561901748715 46 6 123
SIR 248 86.7892604879776 45 7 123
SIR 249 88.02822866274136 45 6 124
SIR 250 89.66432347678285 45 5 125
SIR 251 89.7008024402941 44 6 125
SIR 252 91.24285762799201 44 5 126
SIR 253 92.90287806742403 44 4 127
SIR 254 94.14199756446536 43 5 127
SIR 255 97.7976299164188 43 4 128
SIR 256 97.82038037838451 43 3 129
SIR 257 100.36264562424459 43 2 130
SIR 258 107.5894351344956 42 3 130
SIR 259 107.67190395269427 42 2 131
SIR 260 108.68294391070559 42 1 132
SIR 261 123.1793033298178 42 0 133
